{"classes": ["T-shirt", "Trouser", "Pullover", "Dress", "Coat", "Sandal", "Shirt", "Sneaker", "Bag", "Boot"], "temp": 4.0, "seeds": [0, 1, 2], "accs": {"teacher": {"direct": 87.6, "linear": 88.0, "centroid": 81.1}, "kd": {"direct": 85.0, "linear": 85.8, "centroid": 78.7}, "kernel": {"linear": 83.8, "centroid": 81.1, "seeds": {"0": {"linear": 83.8, "centroid": 81.1}, "1": {"linear": 84.4, "centroid": 81.0}, "2": {"linear": 84.9, "centroid": 81.4}}}, "label": {"direct": 85.9, "linear": 86.9, "centroid": 80.0}, "random": {"linear": 77.5, "centroid": 62.0}}, "spectra": {"teacher": [0.6108, 0.2044, 0.0732, 0.0444, 0.0329, 0.0178, 0.0109, 0.0045, 0.001, 0.0], "target": [0.2948, 0.1683, 0.1117, 0.1073, 0.1041, 0.0848, 0.0784, 0.0321, 0.0185, 0.0], "kd": [0.6467, 0.1859, 0.0679, 0.0447, 0.0228, 0.0165, 0.0121, 0.0028, 0.0004, 0.0], "label": [0.6338, 0.1899, 0.0631, 0.0464, 0.034, 0.0193, 0.01, 0.0028, 0.0008, 0.0], "random": [0.4874, 0.319, 0.1103, 0.0352, 0.0202, 0.0161, 0.0095, 0.0013, 0.001, 0.0], "kernelByEpoch": [[0.44253042340278625, 0.22227974236011505, 0.10340337455272675, 0.09455565363168716, 0.07770135998725891, 0.04207842797040939, 0.015809401869773865, 0.0010946382535621524, 0.0005469576572068036, 0.0], [0.4136188328266144, 0.20983463525772095, 0.09947290271520615, 0.09478819370269775, 0.08819830417633057, 0.0529051274061203, 0.03903456777334213, 0.00160218367818743, 0.0005451829638332129, 0.0], [0.4033048450946808, 0.20925098657608032, 0.10061746835708618, 0.09253837913274765, 0.0906410962343216, 0.05677495896816254, 0.04327952489256859, 0.0030219859909266233, 0.0005707511445507407, 0.0], [0.3986884355545044, 0.20380960404872894, 0.09914003312587738, 0.0934530720114708, 0.09179431200027466, 0.06064606457948685, 0.047234274446964264, 0.004605507478117943, 0.0006286912248469889, 9.327996153274398e-09], [0.3933820128440857, 0.20425689220428467, 0.10111227631568909, 0.09522216022014618, 0.09024090319871902, 0.060381196439266205, 0.04887326434254646, 0.005834251642227173, 0.0006969581008888781, 1.1147379685993997e-09], [0.3927028477191925, 0.1977696418762207, 0.10231902450323105, 0.09995993971824646, 0.08873511850833893, 0.06352603435516357, 0.047675780951976776, 0.0065397475846111774, 0.0007719019195064902, 3.952129290496487e-09], [0.39360469579696655, 0.19321386516094208, 0.10237128287553787, 0.09689006954431534, 0.09392837435007095, 0.0620550736784935, 0.049583811312913895, 0.007434803526848555, 0.0009181698551401496, 0.0], [0.38903355598449707, 0.19528722763061523, 0.10295093059539795, 0.09780243784189224, 0.08974304050207138, 0.06567010283470154, 0.0507318340241909, 0.007793429307639599, 0.0009873700328171253, 0.0]]}, "grams": {"teacher": [[0.2023, 0.0025, 0.1168, 0.0979, 0.0948, -0.1715, 0.1357, -0.2323, -0.0191, -0.2271], [0.0025, 0.4484, -0.045, 0.2091, 0.0233, -0.1571, -0.0126, -0.1559, -0.134, -0.1788], [0.1168, -0.045, 0.2265, 0.0062, 0.1953, -0.1835, 0.1654, -0.2988, 0.0016, -0.1844], [0.0979, 0.2091, 0.0062, 0.2153, 0.0402, -0.1608, 0.046, -0.155, -0.0803, -0.2188], [0.0948, 0.0233, 0.1953, 0.0402, 0.2109, -0.2188, 0.159, -0.3072, 0.0062, -0.2037], [-0.1715, -0.1571, -0.1835, -0.1608, -0.2188, 0.3937, -0.185, 0.3963, 0.0064, 0.2803], [0.1357, -0.0126, 0.1654, 0.046, 0.159, -0.185, 0.1541, -0.2693, -0.0026, -0.1908], [-0.2323, -0.1559, -0.2988, -0.155, -0.3072, 0.3963, -0.2693, 0.5962, 0.038, 0.3879], [-0.0191, -0.134, 0.0016, -0.0803, 0.0062, 0.0064, -0.0026, 0.038, 0.1327, 0.051], [-0.2271, -0.1788, -0.1844, -0.2188, -0.2037, 0.2803, -0.1908, 0.3879, 0.051, 0.4842]], "kernel": [[0.348, -0.1016, 0.081, 0.1046, 0.0164, -0.1689, 0.1663, -0.2006, -0.0358, -0.2093], [-0.1016, 0.7817, -0.1048, 0.0677, -0.0814, -0.1036, -0.1182, -0.1157, -0.1287, -0.0953], [0.081, -0.1048, 0.2998, 0.0141, 0.2575, -0.2056, 0.2023, -0.2464, -0.0637, -0.2341], [0.1046, 0.0677, 0.0141, 0.3617, 0.0234, -0.1809, 0.0512, -0.1861, -0.0635, -0.1922], [0.0164, -0.0814, 0.2575, 0.0234, 0.3088, -0.2066, 0.1869, -0.2424, -0.0258, -0.2369], [-0.1689, -0.1036, -0.2056, -0.1809, -0.2066, 0.6241, -0.1976, 0.2903, -0.0475, 0.1964], [0.1663, -0.1182, 0.2023, 0.0512, 0.1869, -0.1976, 0.1946, -0.2319, -0.023, -0.2306], [-0.2006, -0.1157, -0.2464, -0.1861, -0.2424, 0.2903, -0.2319, 0.64, -0.0193, 0.3121], [-0.0358, -0.1287, -0.0637, -0.0635, -0.0258, -0.0475, -0.023, -0.0193, 0.4362, -0.0289], [-0.2093, -0.0953, -0.2341, -0.1922, -0.2369, 0.1964, -0.2306, 0.3121, -0.0289, 0.7189]]}, "cka": {"kernelByEpoch": [0.9533, 0.9447, 0.9406, 0.9371, 0.9329, 0.9296, 0.9335, 0.9324], "kd": 0.977, "label": 0.989, "random": 0.916, "targetByEpoch": [0.9486, 0.9643, 0.9686, 0.972, 0.9735, 0.975, 0.9759, 0.9764], "toTarget": {"kernel": 0.976, "kd": 0.822, "label": 0.845, "random": 0.822, "teacher": 0.86}}, "confCorr": {"kernel": 0.952, "kd": 0.984, "label": 0.96, "random": 0.716}, "confusion": {"teacher": [[0.812, 0.001, 0.016, 0.088, 0.006, 0.005, 0.056, 0.0, 0.016, 0.0], [0.001, 0.945, 0.011, 0.029, 0.009, 0.0, 0.003, 0.0, 0.002, 0.0], [0.016, 0.0, 0.779, 0.017, 0.124, 0.0, 0.056, 0.0, 0.008, 0.0], [0.041, 0.011, 0.0, 0.883, 0.011, 0.0, 0.051, 0.0, 0.003, 0.0], [0.001, 0.001, 0.205, 0.082, 0.67, 0.0, 0.038, 0.0, 0.003, 0.0], [0.0, 0.0, 0.0, 0.001, 0.0, 0.93, 0.0, 0.041, 0.0, 0.028], [0.258, 0.0, 0.233, 0.059, 0.147, 0.0, 0.278, 0.0, 0.025, 0.0], [0.0, 0.0, 0.0, 0.0, 0.0, 0.01, 0.0, 0.936, 0.0, 0.054], [0.005, 0.001, 0.006, 0.036, 0.008, 0.005, 0.022, 0.006, 0.91, 0.001], [0.0, 0.0, 0.0, 0.001, 0.0, 0.002, 0.0, 0.031, 0.001, 0.965]], "kernel": [[0.812, 0.0, 0.006, 0.074, 0.004, 0.002, 0.093, 0.0, 0.009, 0.0], [0.0, 0.947, 0.002, 0.034, 0.007, 0.0, 0.008, 0.0, 0.002, 0.0], [0.018, 0.0, 0.659, 0.007, 0.176, 0.0, 0.138, 0.0, 0.002, 0.0], [0.022, 0.009, 0.004, 0.878, 0.017, 0.0, 0.069, 0.0, 0.001, 0.0], [0.001, 0.001, 0.15, 0.047, 0.734, 0.0, 0.065, 0.0, 0.002, 0.0], [0.0, 0.0, 0.0, 0.0, 0.0, 0.93, 0.0, 0.05, 0.001, 0.019], [0.239, 0.0, 0.23, 0.038, 0.168, 0.0, 0.303, 0.0, 0.022, 0.0], [0.0, 0.0, 0.0, 0.0, 0.0, 0.016, 0.0, 0.929, 0.001, 0.054], [0.001, 0.001, 0.001, 0.006, 0.006, 0.0, 0.018, 0.003, 0.962, 0.002], [0.0, 0.0, 0.0, 0.0, 0.0, 0.005, 0.001, 0.036, 0.0, 0.958]]}, "curves": {"kernel": {"loss": [0.0305, 0.0108, 0.0079, 0.0066, 0.0059, 0.0053, 0.0049, 0.0046], "linear": [80.72, 81.84, 82.45, 82.88, 83.2, 83.49, 83.64, 83.75], "centroid": [75.31, 77.42, 78.67, 79.36, 79.95, 80.49, 80.89, 81.12]}, "kd": [73.93, 79.1, 81.05, 82.96, 84.01, 84.22, 84.58, 84.97], "label": [75.63, 79.01, 81.56, 83.25, 84.38, 85.27, 85.01, 85.86]}, "tempSweep": {"T": [0.5, 1, 2, 3, 4, 6, 8, 12, 16, 24, 32], "offdiag": [0.0125, 0.0317, 0.0952, 0.1886, 0.298, 0.5052, 0.6583, 0.8272, 0.9015, 0.9573, 0.9767], "effRank": [8.978, 8.869, 8.343, 7.654, 6.973, 5.878, 5.207, 4.585, 4.328, 4.109, 4.01], "S": {"1": [[1.0, 0.0027, 0.0468, 0.0668, 0.0122, 0.0018, 0.2296, 0.0007, 0.0163, 0.0004], [0.0027, 1.0, 0.004, 0.0217, 0.0059, 0.0001, 0.0045, 0.0, 0.0007, 0.0001], [0.0468, 0.004, 1.0, 0.0339, 0.2154, 0.0013, 0.2167, 0.0002, 0.0157, 0.0003], [0.0668, 0.0217, 0.0339, 1.0, 0.0592, 0.0014, 0.0669, 0.0005, 0.009, 0.0005], [0.0122, 0.0059, 0.2154, 0.0592, 1.0, 0.0005, 0.2097, 0.0002, 0.0138, 0.0002], [0.0018, 0.0001, 0.0013, 0.0014, 0.0005, 1.0, 0.0015, 0.0469, 0.0062, 0.0169], [0.2296, 0.0045, 0.2167, 0.0669, 0.2097, 0.0015, 1.0, 0.0005, 0.0242, 0.0008], [0.0007, 0.0, 0.0002, 0.0005, 0.0002, 0.0469, 0.0005, 1.0, 0.0055, 0.0632], [0.0163, 0.0007, 0.0157, 0.009, 0.0138, 0.0062, 0.0242, 0.0055, 1.0, 0.0026], [0.0004, 0.0001, 0.0003, 0.0005, 0.0002, 0.0169, 0.0008, 0.0632, 0.0026, 1.0]], "4": [[1.0, 0.164, 0.5481, 0.5289, 0.4056, 0.171, 0.7654, 0.1802, 0.3819, 0.1506], [0.164, 1.0, 0.1848, 0.2798, 0.2372, 0.0457, 0.188, 0.0509, 0.1059, 0.0524], [0.5481, 0.1848, 1.0, 0.4671, 0.7771, 0.1555, 0.7876, 0.1407, 0.3749, 0.12], [0.5289, 0.2798, 0.4671, 1.0, 0.4588, 0.1216, 0.5284, 0.1506, 0.3011, 0.1112], [0.4056, 0.2372, 0.7771, 0.4588, 1.0, 0.1349, 0.7379, 0.1366, 0.3994, 0.121], [0.171, 0.0457, 0.1555, 0.1216, 0.1349, 1.0, 0.1881, 0.4238, 0.2492, 0.3262], [0.7654, 0.188, 0.7876, 0.5284, 0.7379, 0.1881, 1.0, 0.1752, 0.432, 0.159], [0.1802, 0.0509, 0.1407, 0.1506, 0.1366, 0.4238, 0.1752, 1.0, 0.312, 0.4316], [0.3819, 0.1059, 0.3749, 0.3011, 0.3994, 0.2492, 0.432, 0.312, 1.0, 0.2472], [0.1506, 0.0524, 0.12, 0.1112, 0.121, 0.3262, 0.159, 0.4316, 0.2472, 1.0]], "16": [[1.0, 0.8772, 0.97, 0.9694, 0.9492, 0.8723, 0.9858, 0.8778, 0.9523, 0.8714], [0.8772, 1.0, 0.8799, 0.9185, 0.9062, 0.767, 0.8759, 0.781, 0.8434, 0.7882], [0.97, 0.8799, 1.0, 0.9591, 0.9844, 0.8561, 0.9881, 0.8514, 0.9436, 0.8489], [0.9694, 0.9185, 0.9591, 1.0, 0.9571, 0.8434, 0.9635, 0.8634, 0.932, 0.8483], [0.9492, 0.9062, 0.9844, 0.9571, 1.0, 0.8478, 0.9771, 0.8529, 0.9441, 0.8514], [0.8723, 0.767, 0.8561, 0.8434, 0.8478, 1.0, 0.8695, 0.9524, 0.9161, 0.9394], [0.9858, 0.8759, 0.9881, 0.9635, 0.9771, 0.8695, 1.0, 0.8664, 0.9534, 0.8665], [0.8778, 0.781, 0.8514, 0.8634, 0.8529, 0.9524, 0.8664, 1.0, 0.9314, 0.9532], [0.9523, 0.8434, 0.9436, 0.932, 0.9441, 0.9161, 0.9534, 0.9314, 1.0, 0.9188], [0.8714, 0.7882, 0.8489, 0.8483, 0.8514, 0.9394, 0.8665, 0.9532, 0.9188, 1.0]]}}, "logits": {"vals": [[-1.3692, -5.1507, -3.5965, -2.5596, -3.9838, 3.0844, -1.8646, 2.754, 2.2569, 7.3447], [0.5027, 1.1468, 7.2668, 1.9207, 7.9264, -7.8298, 1.9634, -6.655, 0.8528, -5.9153], [2.513, -5.9797, 1.8644, 3.3768, -0.3422, 0.9399, 1.8675, -0.2931, 7.9926, -7.8652], [0.357, -6.621, 2.1067, 1.6096, 1.1447, 1.1622, 1.4147, 0.8782, 10.9224, -6.0136], [-5.5092, -2.5478, -5.5884, -3.0731, -5.7029, 2.9532, -3.6317, -1.5244, -1.2618, 11.7999], [-2.888, -5.5866, -5.5369, -3.6742, -4.6362, 3.9938, -1.9445, 3.1291, 0.6531, 11.5534], [7.1116, -1.8978, 2.8927, 2.545, -1.0548, -3.9227, 6.5649, -6.0028, 1.5925, -5.7565], [-1.0977, -0.6275, 5.2445, 0.2183, 7.0928, -5.8087, 5.5348, -6.9978, 1.4757, -4.0442], [-2.109, -5.7187, -4.7051, -3.7753, -5.888, 4.1409, -1.6373, 1.91, -0.421, 11.3147], [0.6381, -6.0543, -0.3253, -0.8345, -2.0315, 5.5334, -0.6216, 13.8272, 3.538, 3.6417], [1.4821, -5.5957, 2.9078, 0.0169, -0.092, -2.1676, 0.7834, 0.6088, 9.6745, -3.1295], [0.3332, -4.467, 1.3117, -0.4984, 2.2633, -1.622, 2.4509, 1.0472, 8.4888, -2.3003], [-0.6366, 0.3358, 6.0181, 0.0467, 7.8324, -4.2828, 4.3691, -6.4653, 0.6866, -5.1162], [0.8921, -5.9728, 1.5344, 1.0463, 0.0446, 1.0133, 2.1663, 0.2591, 10.3844, -5.4963], [-2.1666, -4.6283, -4.6418, -3.3672, -4.1239, 1.6394, -2.7136, 3.5469, 0.7815, 10.8471], [0.8623, 3.5638, 2.3238, 9.0299, 0.5189, -8.1947, -2.0316, -3.0183, -2.7916, -4.4735], [-0.2216, 2.0305, 7.6229, 1.0099, 7.3624, -5.928, 2.5445, -7.3996, -1.2939, -4.8988], [0.4359, -1.2121, 6.7937, -0.5878, 6.8421, -5.9625, 6.3145, -7.9147, 0.9927, -4.0159], [-1.4107, -5.6534, -4.0121, -3.1359, -3.7249, 3.9236, -2.2862, 5.0873, 2.456, 8.8619], [-0.9098, 16.2908, -2.8731, 3.5741, -0.0349, -9.4081, -2.2052, -7.8683, -5.9107, -6.4854], [-3.9249, -4.5979, -6.0968, -2.3518, -5.248, 4.8571, -3.0431, 0.4155, 0.7271, 10.3993], [6.275, -0.9822, 2.0708, 1.0163, -1.3644, -3.0483, 3.9221, -5.0716, -1.4246, -3.1773], [0.3865, -6.3184, -0.2409, -0.5843, -2.1945, 7.302, -0.5011, 13.0523, 2.9349, 2.8394], [1.0231, -5.7876, -0.2432, -1.1075, -2.2294, 4.9992, -0.1769, 11.8234, 3.2757, 3.9276], [0.8495, 3.2629, -1.4391, 6.0995, -0.6644, -6.0131, 1.5466, -3.6724, -1.8235, -4.6529], [1.3606, 0.9279, 7.0069, 2.037, 7.4069, -8.8125, 1.8198, -7.3961, 1.8044, -6.3982], [1.475, -5.2709, 3.0878, 0.1695, 2.7908, -2.276, 1.2076, 1.0371, 8.6027, -2.2635], [-0.0311, -0.5113, 1.7523, -0.0709, -0.9915, -3.217, 2.5345, -5.9284, 3.6632, -1.1217], [4.8572, -0.742, 2.0512, 1.9801, -1.9164, -2.2159, 4.2956, -4.7033, -0.7024, -4.2854], [-2.6133, -5.0127, -4.6963, -3.6899, -4.5347, 3.391, -3.0634, 3.3293, 0.4785, 11.7394], [0.9195, -2.3299, 5.2154, 0.6881, 4.0947, -4.9175, 9.3873, -7.9173, -0.4327, -4.2657], [0.2121, -6.5691, -0.0203, -0.3681, -0.9368, 7.9125, -0.835, 9.0114, 1.7977, 4.592], [-0.3113, -1.2237, 3.9658, -0.5934, 7.0941, -3.6773, 4.5084, -4.6082, 0.8082, -3.7123], [0.5652, -5.98, 0.0973, 1.1, -1.0721, 7.6988, -0.1342, 5.9435, 3.7001, 0.4014], [-0.0949, -4.4964, -0.3346, -0.3533, -1.4387, 5.2868, -0.4435, 10.0414, 2.5888, 1.9309], [-0.2796, 11.5455, -0.649, 3.4041, 2.3152, -9.9963, 0.2841, -7.4724, -5.2482, -6.0824], [-0.2668, -5.0818, 0.6538, 1.1054, 0.4927, 0.8168, 1.6405, -1.0882, 8.2424, -3.6657], [-1.3397, -1.5682, -1.2859, -3.0738, -1.4021, 7.4027, -1.1637, 1.9019, -0.1615, 3.2107], [-0.7506, -6.1762, -4.6946, -5.0788, -6.4765, 4.0636, -3.7126, 3.6215, 2.1076, 12.7335], [6.3749, -1.6951, 5.4088, 3.4343, -0.2746, -5.7045, 6.4553, -6.131, -0.5002, -5.5753], [1.4516, -0.7133, 4.9935, 0.6907, 6.6581, -5.8937, 5.2625, -7.0487, 0.3358, -4.9105], [2.4567, -1.3749, 3.2455, 0.5561, -0.8541, -5.4633, 2.5811, -4.8312, 2.4345, -1.0903], [-0.0807, -6.7323, -1.9042, -0.5675, -3.2941, 5.3031, -1.2632, 11.716, 4.2392, 5.4712], [-3.2461, 17.1942, -3.4375, 4.0521, 0.2441, -9.5866, -4.2564, -7.7108, -6.0541, -5.5864], [-1.0091, -5.981, -4.1028, -3.0573, -4.6378, 2.9702, -2.5891, 5.8668, 2.3764, 10.5155], [-0.3525, -6.0748, -2.1979, -1.4582, -5.2343, 13.3535, -1.0213, 1.4504, 2.1564, 2.4702], [-0.6263, -6.3691, 0.3394, -1.4187, -3.2099, 11.1872, -1.0924, 4.0545, 4.5583, 2.6359], [2.1616, -5.4141, 2.6173, 2.3654, 0.962, -1.0013, 1.9213, -1.0546, 6.8449, -5.1902], [-0.1464, -4.941, -1.4264, -0.8735, -2.3225, 7.5748, 0.1615, 3.3038, 2.4455, 1.9828], [-0.1696, -0.5846, 3.7388, -0.6653, 6.4736, -4.2882, 5.491, -5.1544, -1.291, -3.4667], [4.8639, -0.2724, 2.8269, 6.1604, -0.0396, -6.2227, 6.1032, -5.8956, -1.8871, -7.1676], [-0.1609, -4.0132, -1.571, 0.2993, -4.9699, 1.271, -1.1732, 0.4717, 2.3742, 5.015], [0.9769, -2.1058, 4.1857, 1.1801, 4.0232, -3.8581, 6.5009, -5.8906, 0.744, -4.6162], [5.2275, -2.2602, 4.0721, 2.8939, 0.284, -6.4789, 5.4524, -6.6263, 1.1295, -4.6137], [10.4483, -1.2594, 5.8465, 7.3506, -1.9652, -9.2697, 5.9849, -8.7128, -1.6414, -7.5722], [4.4061, -6.3426, 2.8909, 3.0141, 0.8544, -2.5237, 5.1058, 1.6858, 7.0104, -5.6367], [0.5201, -4.3914, 0.6929, 0.2003, 0.8858, -4.4393, 1.1355, -0.6442, 8.9454, -1.8737], [0.2021, -1.3104, 10.2926, 1.7618, 6.1233, -3.1324, 4.5176, -7.7266, 0.6328, -5.7408], [0.4452, -5.8834, -1.7178, -0.5088, -2.8079, 5.1141, -0.8721, 7.9177, 3.245, 4.3895], [-0.1565, -6.5064, -1.8827, -0.7515, -3.3312, 6.3542, -0.771, 14.3261, 3.4128, 5.9137], [0.9756, 0.8036, 4.4249, 4.2967, 7.3009, -8.2972, 1.5518, -5.5728, 1.0419, -7.0004], [1.6735, -1.1378, 2.8304, -0.9489, -0.0625, -3.4651, 2.7569, -4.543, 2.6225, -1.2602], [-0.9676, -4.7058, -2.612, -2.1442, -3.0771, 4.1376, -1.1064, 7.7541, 1.8095, 7.0222], [1.6184, -2.39, -0.5819, -1.4464, 0.0288, -4.7081, 0.1902, -1.6584, 7.4629, 0.8019], [-1.1295, -5.2386, -2.3436, -1.1479, -3.3363, 6.6923, -1.1979, 9.9545, 1.5996, 6.9853], [2.3919, 0.2211, 8.5512, 2.0876, 7.7894, -6.9851, 3.3771, -7.8469, -0.3529, -6.1525], [0.1549, -5.1593, -1.9996, -1.744, -2.8322, 3.0441, -1.0926, 8.4768, 2.9132, 6.1735], [4.1068, -1.9093, 2.0312, 10.8551, 1.7134, -8.6475, 5.1229, -4.6927, -2.3653, -7.3748], [1.3665, 2.7833, -1.5786, 5.8911, 1.7191, -6.543, 2.9293, -4.8879, 0.4554, -7.4593], [-0.7769, -5.0874, -0.7376, -0.4636, -1.4916, 7.6285, -0.5, 4.8899, 1.4625, 3.1938], [0.254, 2.6935, 0.4852, 7.7329, 1.6481, -7.5445, -0.9089, -2.9292, -1.5558, -4.6948], [0.5936, -1.2356, 4.5302, 0.1461, 4.5218, -1.3009, 3.3554, -4.1629, -0.7338, -3.3914], [-1.3768, -2.6096, 4.9976, -0.9721, 7.5754, -3.5329, 4.2244, -4.742, 4.1749, -3.3462], [-1.8294, 14.0229, -2.0494, 3.082, 2.2365, -9.8173, -2.2779, -6.327, -5.0509, -5.5824], [-0.3977, -1.6085, 0.1945, -1.3356, 2.1904, -5.9154, 0.5034, -1.2497, 6.5451, -0.0754], [0.0961, 0.2148, 6.0517, 1.7856, 7.6194, -7.2827, 3.6819, -6.8552, 1.4716, -5.591], [2.4981, 1.1799, 0.2708, 2.1956, -0.5827, -1.4982, 0.423, -0.7576, -0.5097, -2.9199], [0.7922, 6.9881, -1.0829, 4.3054, 0.1447, -5.0645, -0.6135, -2.553, -2.1333, -5.0762], [-0.8006, -6.2436, -2.2239, -0.1903, -2.9697, 6.0492, -1.3388, 10.7356, 3.3796, 4.861], [0.7794, -0.2951, 5.835, -0.1414, 2.3378, -5.0481, 3.3134, -6.7621, 2.0701, -2.4855], [-0.938, 0.5313, 4.7822, -0.0376, 7.5735, -5.6563, 3.4138, -6.1631, 1.2382, -4.0483], [1.0078, -0.3038, 7.1899, 0.2152, 8.3429, -6.0363, 5.4576, -7.408, -0.8981, -5.5681], [-2.0466, 15.4105, -1.5612, 2.4554, 0.6103, -7.2347, -3.2631, -7.1567, -4.9363, -6.1229], [1.5077, -0.7179, 2.8529, -0.1646, -0.3378, -4.7316, 1.6252, -6.5928, 4.404, -1.2528], [-2.7098, 16.6588, -2.7066, 4.0612, -0.0396, -9.4306, -4.5484, -7.4785, -6.0594, -5.243], [0.2675, -6.0776, -0.64, -0.5173, -2.1383, 5.9072, -0.3697, 9.8581, 3.147, 3.8755], [1.0132, -6.3832, -2.1826, -2.4367, -3.6669, 3.5654, -1.1282, 10.8868, 3.2098, 7.3181], [1.0184, -2.3746, 4.066, -0.4447, 1.8646, 0.144, 3.8118, -3.5096, 0.2899, -2.5338], [3.558, 2.3336, 2.4534, 7.0768, 0.6533, -8.7212, 1.5685, -2.8444, -1.6312, -6.1095], [-0.5302, -0.5152, 2.1436, 1.5185, 4.8504, -3.9725, 5.4368, -5.6707, 1.0086, -4.6541], [0.1833, 8.2241, 0.6171, 2.719, 0.6776, -5.1614, -2.7076, -4.977, -1.1252, -5.5333], [8.8195, -1.1388, 4.3534, 0.395, -0.7118, -4.3574, 7.2268, -9.5201, 0.6155, -5.8034], [2.06, -7.9022, 1.2864, 4.0141, 0.292, 0.3846, 2.3578, 1.6939, 8.7421, -6.9926], [1.4447, -4.4441, 0.4709, -0.1081, -2.7984, 8.3412, 0.0639, 4.1024, 1.0255, 0.1411], [5.8958, -1.4313, 7.8285, 3.0406, -1.8073, -6.898, 5.5567, -9.0927, 1.3022, -4.1277], [0.3291, -5.4312, -1.2641, -1.303, -3.1084, 9.7824, -0.5944, 0.1417, 1.6806, 2.8974], [-0.6856, 1.4796, 4.3837, 0.8526, 7.8065, -5.7648, 2.1793, -5.6153, -0.0263, -4.5109], [6.3471, -0.8908, 2.4158, 2.2847, -0.7888, -3.4424, 3.8169, -5.4835, -1.0312, -4.1608], [-2.4195, 12.6997, -2.0514, 3.548, -0.0208, -6.4621, -3.3828, -6.2885, -4.6442, -4.3014], [6.2301, -1.0054, 7.0564, 3.4409, -1.7497, -6.1956, 4.4132, -8.8303, 1.1539, -4.4931], [0.4917, -5.4708, -2.076, -3.4434, -2.3943, 7.1837, 0.0743, 7.4835, 2.4837, 5.7147], [0.573, -5.4432, -0.012, -0.6803, -1.4472, 6.2742, -0.1323, 11.0407, 3.0599, 1.743], [1.0404, 0.8699, 7.8566, 0.8873, 7.8535, -6.4255, 2.2441, -7.4511, 0.2396, -5.5001], [0.1913, -5.2158, -0.4733, -0.5318, -2.125, 6.327, -0.4278, 13.277, 3.0957, 2.6567], [0.2983, -4.9587, -3.2386, -2.734, -3.4178, 5.2542, -0.3849, 8.5453, 1.557, 7.1663], [3.1888, 2.0042, 1.1354, 6.8689, 1.8357, -9.1032, 2.6693, -3.8539, -1.9307, -5.4861], [0.6636, -4.5378, 2.8854, 2.1131, 1.0467, 1.301, 0.8675, -1.7572, 7.149, -4.6917], [6.5271, -1.3251, 3.018, 1.5571, -2.4372, -2.7772, 5.4914, -6.5637, -1.2814, -3.9625], [8.4355, -2.3179, 3.8642, 6.3297, 1.5391, -7.3072, 7.039, -8.0205, -0.6324, -9.2281], [2.5076, 0.2573, 1.1708, 8.288, 0.192, -7.8784, 1.2467, -1.7194, -0.3165, -5.5472], [-1.7345, 9.7297, -2.536, 3.2074, 0.6981, -6.2061, -1.7572, -4.1035, -3.8137, -3.8198], [-0.4759, 13.3828, -1.5755, 4.6348, 0.5216, -9.8081, -1.8884, -5.7035, -5.2186, -5.7871], [-0.231, -5.0131, -0.692, -1.6089, -1.4874, 9.4988, 0.0597, 3.5492, 1.8788, 2.3849], [1.9301, -5.0306, 0.704, 1.7899, 1.2791, -3.1912, 2.6399, 0.2938, 9.6595, -4.1088], [0.5547, -5.0767, -1.2316, 0.1363, -2.9196, 8.539, 1.1046, 1.1961, 1.8633, -0.2896], [1.1178, -6.2317, -1.9224, -1.4198, -3.22, 3.0452, -1.0083, 8.1259, 3.5891, 5.559], [2.2238, -0.3913, 5.2781, 1.727, 1.6239, -2.7876, 3.0782, -4.9313, -0.542, -3.7514], [-0.8327, -5.9878, -4.5315, -3.4635, -5.0413, 4.0208, -2.9698, 6.0936, 1.062, 12.0965], [1.5569, 3.1218, 1.1576, 9.8892, -1.1955, -7.8507, -0.0038, -3.5862, -2.3577, -5.1422], [9.8918, -1.8285, 3.7072, 6.9702, -1.1922, -8.1435, 7.3406, -8.5277, -1.9139, -8.2528], [3.315, -0.1334, 8.4084, 0.8524, 3.2498, -3.1769, 4.0388, -7.242, -1.7406, -4.6306], [2.115, 1.0581, 6.9816, 1.6038, 6.0705, -5.9224, 3.2663, -7.4127, -1.7083, -5.4126], [-0.489, 4.1471, 0.2311, 7.5827, 1.8643, -8.2449, -0.7592, -3.2441, -1.7129, -5.1787], [-3.9202, 10.7158, -0.158, 0.729, 3.5677, -6.6368, 1.0367, -9.7489, -1.3915, -5.6395], [3.4247, -3.4869, 3.489, 4.0007, 2.3576, -8.4865, 7.0999, -5.8151, 2.5702, -5.1037], [-0.6857, 1.3345, -0.4372, 5.9256, 0.7548, -5.2647, -0.3895, -3.0729, 0.7664, -3.8219], [0.2945, 1.0093, 0.3884, 9.2297, 0.5802, -7.3419, -0.5965, -1.0499, 0.0553, -4.7422], [1.1583, 0.7678, 1.7628, 9.4539, 0.8894, -8.5533, -1.1645, -1.3727, 0.3811, -5.1039], [0.2725, -0.4276, 5.4605, -0.0581, 3.3865, -4.0249, 4.5399, -6.3268, 1.2755, -3.0895], [2.5731, -0.1652, 5.6927, -0.6457, 1.8466, -2.9583, 4.2759, -6.1808, -2.0483, -2.8716], [5.4709, 2.951, 2.4724, 3.6861, -0.5949, -4.4942, 1.8303, -6.8052, -1.6288, -5.9729], [4.6084, -0.6382, 1.8592, 2.9822, -1.5987, -3.4673, 4.0374, -3.862, -0.8833, -3.9733], [10.4065, -0.8093, 4.2485, 3.8699, -3.1926, -6.5425, 6.0882, -8.694, -0.8535, -6.2661], [-0.6477, -7.3057, -1.9834, -0.1785, -3.217, 7.6216, -1.2237, 11.4204, 3.2711, 5.1748], [-1.2688, -3.9557, -1.5667, -0.167, -1.8372, 3.6569, -1.2778, 6.0954, 2.9302, 4.4188], [2.271, -1.1808, 4.7402, 3.199, 4.6551, -7.0197, 2.6078, -5.3464, 3.9948, -6.5716], [-0.7573, 0.8953, 6.1236, -1.1693, 7.3307, -6.1743, 5.1779, -8.8735, 0.3571, -3.3454], [10.0276, -1.54, 6.6582, 4.882, -0.9961, -6.9697, 6.6875, -9.9481, -0.8183, -7.861], [-1.5089, 10.8051, -1.3074, 1.7573, 1.1203, -4.4059, -3.6285, -6.338, -3.0607, -4.8044], [1.1647, -1.7251, 0.1993, -1.022, 0.1664, -1.5713, 0.2426, -0.6047, 5.5325, -0.5589], [-1.7686, 3.8528, 0.4022, 7.2889, 2.0, -6.9889, -1.3455, -3.4054, -3.142, -3.0126], [1.6852, 0.2465, 1.0064, 5.0792, -2.1646, -1.3695, -0.2647, -0.1449, 0.0253, -3.2419], [0.3705, -0.0749, 5.6216, -0.2265, 6.2656, -2.5199, 3.2594, -4.9014, -1.2938, -3.9414], [1.8549, -2.8848, -0.5165, 0.0699, -1.5529, -6.0049, 1.2411, -5.1552, 10.595, -1.301], [0.352, -6.2314, -0.3873, -1.778, -1.3238, 10.6241, 0.3989, 4.2839, 2.7034, 1.873], [0.3931, 10.0329, -0.6822, 3.67, 1.9932, -7.9557, 1.6512, -7.8919, -3.5386, -8.2341], [0.9183, -0.868, 7.0662, -0.3915, 6.583, -4.6262, 6.0828, -7.33, -0.4328, -4.6612], [2.0159, -6.3214, 1.4116, 0.2082, 0.8068, -3.5777, 2.5776, -1.0277, 10.1718, -2.6276], [-0.3639, 0.2039, 6.068, -1.777, 6.858, -3.7511, 5.8705, -8.19, -0.5264, -3.9985], [-1.7499, -4.2243, -4.5619, -3.8445, -3.4641, 3.0134, -1.7621, 3.275, -0.3445, 10.0116], [-0.0645, 0.6862, 7.7021, 0.3068, 8.4065, -6.0623, 2.3569, -6.9152, 0.4449, -4.944], [0.423, -4.1811, -0.2935, -0.5053, -1.835, 4.5225, -0.4457, 9.1887, 2.2616, 2.2333], [-2.4831, 16.0988, -2.9233, 3.4566, 0.1263, -9.0874, -4.1476, -7.3521, -5.6164, -5.1292], [1.58, -1.6023, 1.2602, 6.2277, 1.8223, -2.8022, 2.9375, -1.839, -0.2132, -5.5629], [-1.6914, -5.2385, -3.7019, -3.3966, -3.3668, 2.8282, -2.1187, 5.1926, 0.4444, 11.0709], [1.594, -3.0978, 3.2059, -0.4565, 3.7255, -1.1767, 5.2134, -3.1832, -0.4162, -3.1378], [-0.9814, -4.6318, -3.7835, -3.5627, -3.8241, 2.6649, -2.0581, 3.402, 0.4973, 9.635], [0.9064, -2.5535, 6.9662, 0.9399, 2.808, -2.093, 5.5475, -4.5166, -0.6933, -3.0249], [1.1954, 0.8713, 5.3625, 2.0263, 5.176, -5.9099, 2.6698, -6.0583, 0.2061, -4.2963], [1.2065, -4.869, 8.2012, -1.0715, 4.5588, -0.507, 4.1528, -4.394, 3.7629, -3.1519], [2.8473, -3.2332, 4.6197, 2.4075, 4.1075, -7.1335, 7.613, -8.7266, 2.241, -5.1042], [1.8738, -4.7871, 0.0278, 1.13, -7.8406, 10.4298, 1.0046, -1.2931, -3.6371, 3.9512], [0.3843, 10.0086, 0.5681, 2.4784, 2.3741, -4.1792, -1.1826, -7.2892, -3.0277, -7.7214], [7.4837, -2.6581, 1.5733, 2.6099, -1.1904, -5.6628, 9.0548, -6.8691, 1.8146, -6.5819], [-0.8353, 9.9202, -1.2267, 2.4298, -0.5178, -5.3237, -2.651, -4.8961, -3.1858, -3.8659], [-0.5211, -5.0772, -3.7286, -2.9395, -3.5689, 1.91, -1.3296, 6.012, 1.3627, 8.7033], [-0.1534, 2.1605, 5.4725, 11.9788, 5.1097, -9.3409, 1.2361, -5.1139, -2.7828, -9.172], [1.037, 0.8162, 7.441, 0.4426, 5.244, -3.9604, 4.1245, -6.349, -2.1781, -4.3885], [1.8447, -2.8654, 4.0811, -0.6735, 3.3517, -1.1773, 4.9418, -3.7372, -0.3486, -3.4417], [-1.9517, 14.4437, -2.3657, 2.0521, 0.1484, -6.7036, -3.0874, -6.2229, -5.362, -4.4894], [0.2646, -0.0296, 5.794, 0.1758, 5.2298, -4.016, 4.788, -6.0365, -1.0364, -3.4131], [-0.1928, -0.324, 7.9571, 0.3195, 6.7426, -4.8852, 4.5033, -7.3594, 0.0731, -3.9743], [-0.7786, -5.181, -1.8648, -1.7397, -3.0565, 9.252, 0.102, 6.6405, 1.7864, 3.7878], [1.5214, -1.8557, 6.505, 0.8214, 5.366, -2.3177, 3.5653, -4.353, -0.865, -4.3803], [-0.8476, 12.9856, -0.9439, 3.4945, 2.4244, -8.3242, -1.8264, -5.5917, -4.3547, -6.8569], [7.6093, -3.9361, 4.175, 4.471, 0.0548, -6.0234, 6.359, -6.328, 1.544, -6.7672], [1.3195, 0.1691, 5.4192, 3.7556, 5.5792, -7.9053, 4.2347, -7.3587, 1.1303, -6.5105], [-0.1881, -0.2529, 4.5764, -2.1796, 7.9352, -3.4389, 5.8477, -7.1926, -0.2267, -4.0057], [3.5133, 2.335, 2.2667, 7.095, 2.78, -9.2637, 1.1659, -3.8469, -0.587, -7.5648], [1.1267, -1.4331, 4.9637, -0.5181, 3.874, -2.878, 5.6753, -5.6196, -1.0463, -3.201], [9.135, -4.2649, 2.089, 3.4337, 2.1116, -8.0201, 8.5447, -7.8709, 1.3086, -7.9932], [-0.4098, -0.6219, 5.9242, -0.6297, 7.3204, -6.3325, 3.9469, -6.8923, 2.0918, -3.5372], [3.1761, 2.4233, 2.8474, 12.1372, 1.566, -9.8796, 1.9311, -4.4124, -3.3011, -8.1117], [10.4655, -4.3585, 3.135, 3.3192, 0.8761, -6.7788, 8.7026, -8.2719, 0.7492, -8.0325], [-1.106, 12.7914, -1.5518, 2.7683, 1.3627, -7.2406, -2.6997, -7.5158, -5.0374, -5.2741], [2.5378, -1.0067, 4.8665, 1.4602, 1.4138, -1.5774, 5.8031, -7.3514, 1.061, -6.1947], [1.3675, 0.1813, 8.2623, 0.1847, 3.1395, -3.2028, 4.5196, -7.2762, -1.1077, -3.359], [1.6654, 0.5186, 9.0574, 2.9893, 6.6175, -5.4028, 4.1424, -8.1953, -2.3872, -6.1056], [-0.3856, 12.6096, 0.1731, 0.9332, 2.4512, -6.2265, -1.9951, -8.6436, -4.0044, -6.6881], [-0.3468, -7.3258, -6.0361, -3.1474, -6.5758, 4.2356, -2.4681, 7.8245, 3.4214, 11.261], [-0.6635, -5.5421, -4.9406, -2.5403, -5.3913, 0.4337, -2.3685, 3.5553, 2.6366, 9.7276], [-1.4835, -5.0963, -4.5671, -3.8509, -3.9727, 2.4603, -2.0666, 4.1199, 0.5186, 10.8082], [-0.3203, -5.9874, -0.058, -0.8953, -1.3738, 9.9508, 0.51, 4.3927, 2.5369, 1.0097], [7.8658, -2.2015, 2.9224, 2.3085, -0.9136, -5.0846, 6.2099, -5.584, -0.9959, -5.6325], [1.2996, -5.528, -2.1289, -2.8776, -2.5036, 5.3946, -0.4051, 6.7809, 1.4701, 5.1752], [4.667, -0.7805, 0.8217, 6.5538, -2.1217, -4.4486, 4.5206, -3.292, -0.5405, -5.3183], [-0.6751, -4.948, -3.842, -2.7316, -3.5042, 2.2115, -1.3987, 6.2669, 1.5545, 8.9422], [1.6463, 1.7018, 10.0626, 0.3588, 4.4054, -4.4101, 4.7683, -9.7033, -2.801, -4.9516], [0.6299, -1.059, 9.386, 1.3475, 7.4829, -5.0661, 6.7662, -8.8389, -1.5869, -5.9671], [8.4937, -1.3382, 2.836, 5.6278, -3.1127, -5.4188, 6.7302, -6.2045, -1.0831, -6.6164], [-0.9691, -5.75, -2.8585, -2.2774, -2.3533, 5.9014, -1.4435, 6.4082, 1.5916, 8.1414], [0.9653, -2.8603, -0.5969, -0.5324, -1.5095, -4.6313, 0.4111, -1.842, 6.7187, 0.7927], [1.1565, -5.5423, -0.456, 0.3075, -2.9676, 9.6846, 0.182, 2.7342, 1.7599, 0.0844], [0.9277, -5.9107, 0.3127, -2.848, -2.362, 12.1924, -0.0472, 4.0391, 2.8439, 1.6747], [0.4131, 1.0817, 5.4826, 2.1595, 8.15, -8.0018, 1.682, -6.481, 1.5558, -6.3317], [1.0829, -1.3022, 5.9785, 1.0222, 6.0947, -5.7839, 6.7846, -7.8716, 0.5577, -5.5211], [-3.3449, -5.093, -2.4876, -1.808, -3.4837, 2.9951, -2.0895, 0.3383, -0.3966, 9.235], [0.1189, -3.0206, 3.2179, -0.2381, 4.3131, -0.3931, 4.3807, -2.8931, 1.5819, -3.2237], [5.2443, 1.0797, 3.2103, 4.9994, 1.6467, -9.1975, 5.1562, -6.7077, -2.4565, -6.2321], [-0.0601, -4.3761, -0.5652, -0.4726, -1.0223, 6.1272, -0.0795, 5.8522, 2.5323, 1.1791], [0.8253, -5.6297, 1.5892, 1.4998, 1.947, -3.8063, 1.2851, -0.3038, 8.6195, -3.2718], [1.9739, -0.458, 3.8531, 5.416, 4.7208, -8.0021, 3.7867, -5.3682, -0.3073, -6.1508], [-0.9183, -4.6142, -3.5362, -1.763, -3.2591, 2.9398, -1.6962, 3.5388, 1.8955, 7.3246], [-1.1136, -6.5308, -3.3017, -3.5444, -2.4873, 12.6912, 0.7131, 2.0358, 3.3818, 1.634], [-1.2071, -4.7365, -2.0464, -2.7124, -2.7417, 8.5248, -0.6106, 0.7087, 1.5403, 3.2551], [4.6484, -5.2671, -0.4822, -1.5949, -4.4508, -5.0634, -0.162, -3.6425, 11.7735, 1.5097], [-0.1207, 1.0578, 5.4905, 1.5425, 6.578, -4.792, 3.5565, -6.6822, -1.663, -4.7928], [-2.2941, -1.2546, -1.6584, -1.2915, -3.4309, 4.5497, -0.6347, -1.5301, -0.376, 3.9959], [-2.3991, 15.3848, -3.2255, 3.0582, -0.5495, -8.5594, -4.1238, -6.835, -4.1404, -5.0293], [-2.0601, 13.3468, -1.6478, 4.2339, 1.5931, -9.683, -3.2742, -5.8814, -3.7871, -5.8697], [0.0112, -1.0649, 5.5424, -1.1, 6.4165, -3.4813, 4.8302, -5.3052, -0.3493, -2.9182], [0.2917, -6.0352, -0.75, -1.2497, -2.3551, 6.8291, -0.7259, 7.2283, 2.8445, 4.2166], [-1.603, 14.9635, -2.3742, 3.385, 0.4696, -9.0919, -3.3785, -6.6268, -5.439, -4.9529], [0.4417, -1.0727, 1.1179, 4.3436, 0.753, -2.0185, 3.5891, -3.3043, -0.0584, -4.9194], [-0.4925, -5.0924, -2.8664, -2.2484, -3.4603, 7.776, -0.8052, 4.7487, 2.0051, 5.6377], [0.3438, -8.0305, -5.7342, -1.5584, -7.4714, 4.3841, -1.9527, 4.6738, 4.0735, 9.3091], [-0.4611, -3.929, -0.9352, -0.6535, -1.9655, 9.0424, 0.0717, 3.1139, 1.1616, 0.637], [1.8053, 1.4833, 0.4904, 9.4939, -1.0082, -5.7215, 1.0407, -3.2862, -1.3869, -5.5633], [8.7984, -0.9156, 3.5082, 3.7336, -1.707, -5.2767, 4.5833, -7.2752, -1.0368, -5.9322], [0.503, 0.5322, 6.4542, 1.0294, 6.3795, -4.8257, 4.1991, -6.8543, -0.0864, -5.3153], [3.4098, 0.2077, 1.4303, 9.0354, -1.804, -6.5898, 2.2084, -2.5856, -0.5962, -6.1808], [0.4806, -6.3937, -2.7207, -3.934, -2.9655, 10.6324, -0.8228, 1.271, 4.555, 3.1589], [2.5677, -3.5881, 0.0396, -0.5822, -0.0881, -5.611, 1.3317, -1.4783, 8.2339, -1.0809], [5.9148, 2.2704, 2.2178, 4.4793, -0.0345, -4.0266, 9.7478, -10.7595, -1.3598, -9.9299], [-2.317, -3.5449, -3.1466, -1.4101, -4.2162, 1.2147, -2.3202, 1.7106, 1.0403, 8.5488], [1.6425, -1.5259, 3.8855, 0.9032, 3.9556, -4.5025, 6.1594, -6.1462, 1.4294, -5.0253], [1.9008, 3.2577, 1.4228, 4.7481, 3.149, -7.4858, 1.3, -3.9822, -1.9963, -5.4073], [4.5914, 0.348, 1.6279, 5.8893, 0.4731, -7.3534, 3.2232, -3.9927, -0.3316, -6.0502], [1.0707, -3.1576, -0.0121, -0.5008, 0.2251, -2.9724, 1.2067, -4.5925, 5.8573, -0.4167], [4.2021, 3.2952, 3.1443, 10.7447, 0.1756, -9.9884, 1.5794, -4.2663, -2.9789, -7.6856]], "labels": [9, 4, 8, 8, 9, 9, 0, 6, 9, 7, 8, 8, 2, 8, 9, 3, 4, 2, 9, 1, 9, 0, 7, 7, 3, 4, 8, 8, 0, 9, 6, 7, 4, 5, 7, 1, 8, 5, 9, 0, 2, 6, 7, 1, 9, 5, 5, 8, 5, 6, 3, 9, 6, 6, 0, 0, 8, 2, 7, 7, 4, 6, 7, 8, 7, 4, 7, 3, 3, 5, 3, 2, 2, 1, 8, 4, 3, 1, 7, 2, 4, 4, 1, 8, 1, 7, 7, 6, 3, 6, 1, 0, 8, 5, 2, 5, 4, 0, 1, 0, 7, 7, 4, 7, 7, 6, 8, 0, 0, 3, 1, 1, 5, 8, 5, 7, 2, 9, 3, 0, 2, 4, 6, 1, 0, 3, 3, 3, 2, 2, 0, 0, 0, 7, 7, 2, 4, 6, 1, 8, 3, 3, 4, 8, 5, 1, 2, 8, 4, 9, 4, 7, 1, 3, 9, 6, 9, 6, 2, 4, 4, 5, 1, 6, 1, 9, 3, 2, 6, 1, 2, 2, 5, 2, 1, 0, 6, 4, 3, 6, 0, 4, 3, 0, 1, 6, 2, 2, 1, 9, 9, 9, 5, 0, 7, 0, 9, 2, 2, 6, 5, 8, 5, 5, 4, 6, 9, 2, 0, 7, 8, 6, 9, 5, 5, 8, 4, 5, 1, 1, 4, 5, 1, 3, 5, 9, 5, 3, 0, 4, 3, 5, 8, 6, 9, 6, 3, 0, 8, 3], "cols": 16}, "handoff": {"X": [[0.2439, -0.1817, 0.4369, 1.0359, 0.097, -1.8338, -0.2549, -0.3926, -0.4509, 1.1513, 0.22, 2.0708, -1.3128, 0.6655, -1.0002, 0.5143], [-0.4169, -0.8432, 0.3497, 1.3945, -0.5241, -1.0142, -0.6781, 0.2023, 0.9766, 0.422, -0.3681, 1.1556, -0.775, -0.9384, 0.7104, 0.4765], [-1.0472, -0.8227, 1.0856, 1.4057, -0.2074, -0.9035, -0.4088, -0.7082, 0.2318, 0.2951, -0.3626, 0.3115, -0.1249, 0.375, 0.8084, -0.1113], [0.313, -1.7401, -0.6997, -1.3426, -1.4119, 0.9561, 0.96, -0.5493, 1.3331, 0.901, -0.2068, 0.5445, 0.361, 0.0791, -0.3175, -0.6383], [0.8283, -1.4102, -1.1197, -0.8384, -0.0862, 0.1148, -0.1757, 0.0784, 2.3938, 1.0378, -0.1866, -1.9617, -0.0808, -0.4452, 0.1791, 0.1402], [-0.0196, -1.7631, -0.894, -1.1396, -1.2248, 1.637, 1.4067, -0.5587, 0.1792, 0.4351, 0.6913, 2.0938, -0.9553, 0.0755, -0.1392, 0.1515], [0.9394, 0.326, 1.1181, 0.4442, 0.2775, 1.138, -0.0616, 0.0394, -0.2357, -0.1717, 2.2145, -1.0302, -0.1547, 1.5495, -0.0867, -0.811], [2.0109, 1.1506, 1.0746, -0.4346, -1.0089, 0.535, 1.2031, 0.5271, -0.2275, -1.4939, -0.6436, -1.7872, -0.117, -0.7687, 0.2237, 1.0422], [1.1892, 0.3176, 1.3677, 0.4614, -0.8033, 0.4436, -0.0007, 0.0121, 0.4661, 0.1008, 1.4444, 0.7135, 0.1977, -0.1969, 0.4339, -0.4955], [0.1103, -1.5038, -1.2685, -0.257, 0.2443, 0.7236, 0.6734, 0.8286, -0.3381, -1.7105, 0.1732, 1.2231, -0.6563, -1.1458, -0.0478, -0.1161], [-0.3782, -1.1881, -0.3521, 0.6383, 0.7278, 0.0604, 0.2351, -0.2205, 0.2059, -0.5556, -1.1079, 0.2457, -0.0396, 0.5954, 0.705, -0.1897], [0.1642, -0.7244, 0.4573, 0.9489, 0.036, -1.4744, -0.8895, 0.1166, 0.6601, 0.152, -0.0164, -0.5775, 0.281, -0.6334, 0.6647, -0.7242], [1.4576, 0.1687, 0.4866, -0.4562, 0.8664, 1.2833, -1.9972, -0.3129, 0.2414, 2.1376, -0.7734, 0.9626, 0.174, -0.041, 0.2566, 0.8228], [1.2159, 0.387, 0.9506, -0.7113, -0.5246, 0.9576, -2.5062, -0.0458, 0.7752, 1.5715, -1.4443, 1.8952, 1.2229, -1.2234, 0.2696, -0.8148], [1.4319, -0.0369, 0.1745, -0.2859, 1.8079, 1.2039, -1.6993, -0.3976, -0.4557, 1.7975, 1.6425, 1.016, -0.8033, 1.1894, 0.5108, -0.6249], [-1.2623, 0.1438, 0.9665, -1.6807, 1.3089, -0.2379, 0.8902, 1.4276, -0.6089, -0.0255, -1.6527, 0.4373, 0.5337, -0.3205, -0.872, 0.718], [-1.1319, 0.2934, 0.3576, 1.5515, -0.7013, 0.5126, -1.5144, -0.5625, 0.1799, 0.3928, -0.8711, -0.4561, -1.6541, -0.0727, 0.4333, -0.239], [-1.2118, 0.1256, -0.2345, 2.1217, -0.9764, -0.1176, 0.2996, -0.1715, -1.4606, 1.486, -0.2413, -0.9761, 1.4876, 1.2678, -2.3704, -0.213], [1.7913, 0.9678, 1.1919, -0.4332, -0.4583, 0.7026, 0.2685, -0.2031, 0.0971, -0.5396, -1.342, -0.6586, 0.6051, -1.8317, 0.1692, 0.6475], [1.1678, 0.366, 0.8613, 0.0598, -0.1815, 0.8429, -0.2388, 0.758, -1.0176, -1.2827, 2.6984, -2.4024, -0.7417, 1.1185, -1.1998, -1.0098], [1.0596, 1.1347, 0.0429, 0.3671, 0.065, -1.4228, 2.3863, -0.4306, 0.6433, 0.4529, 0.985, 2.0928, 0.5745, -0.3506, -1.901, -0.6698], [-1.3095, 0.4979, 0.3151, -1.9316, 0.9387, -0.3933, 0.5784, 2.539, 0.1233, 0.7659, -0.7198, -0.2359, -0.8421, -0.7917, 0.0289, -1.3364], [-1.5016, 0.0099, 0.4858, -1.2233, 0.703, -0.4265, 0.6664, 2.1123, -0.8195, 1.0324, -1.4565, -0.1666, -0.7282, -0.7106, 0.2771, -2.7879], [-1.2432, 0.6074, 0.5086, -1.9855, 0.9615, -0.6169, 0.9374, 2.03, -0.1915, 1.2309, -0.403, -0.4426, -0.9382, -0.746, 0.3479, -1.4273], [-0.3281, -0.4663, -0.1285, 1.5449, 3.3636, -0.0663, -0.9654, -0.3898, 0.1524, -0.0123, -0.6112, 0.4194, -0.4843, -0.5195, -0.0926, 0.0466], [0.282, 0.7287, 0.2577, 1.3414, 3.8926, 1.8624, 0.1039, 0.2607, 1.3718, -1.2359, -0.6141, 1.0784, -1.8702, 0.8188, -0.8445, -0.6682], [0.0298, 0.8332, 0.2904, 1.2798, 2.4721, 1.3214, 1.748, 0.14, 1.3374, -0.0813, 0.8493, -0.644, 0.4802, -0.8469, 2.0304, -1.1646], [-0.4068, 1.097, -1.3219, 2.9009, 0.2028, 0.6536, 0.6005, 1.2928, -0.4641, 1.3465, 0.964, -0.3305, -0.5698, 0.1192, 0.1421, 1.5853], [0.5629, 1.529, -2.7813, 1.6748, -2.3013, 0.7503, 0.6164, 3.8842, -0.3543, 2.309, 0.702, 1.7427, 2.405, 2.5601, 1.3174, -0.679], [-0.5253, 1.6834, -2.0115, -0.0196, -0.9672, 0.1661, -1.2946, -1.4482, 0.2507, -0.5677, -0.031, 0.3233, 0.5715, 0.8415, 0.079, -1.8743]], "G": [[1.0, 0.9753, 0.983, 0.1017, 0.1943, 0.0915, 0.5081, 0.6396, 0.6615, 0.4077, 0.5871, 0.8883, 0.4588, 0.4672, 0.5027, 0.324, 0.2626, 0.1079, 0.5939, 0.759, 0.8591, 0.1023, 0.1165, 0.1534, 0.5466, 0.3337, 0.3912, 0.2436, 0.0731, 0.0971], [0.9753, 1.0, 0.9739, 0.158, 0.2481, 0.1478, 0.5035, 0.6017, 0.6349, 0.4247, 0.5886, 0.8461, 0.4855, 0.4938, 0.5286, 0.3501, 0.3067, 0.1412, 0.557, 0.6391, 0.846, 0.1266, 0.1433, 0.1797, 0.503, 0.2795, 0.3445, 0.2856, 0.1216, 0.1451], [0.983, 0.9739, 1.0, 0.1905, 0.2909, 0.1803, 0.5685, 0.6851, 0.7066, 0.5224, 0.6892, 0.9266, 0.5379, 0.5517, 0.5803, 0.4049, 0.3509, 0.1776, 0.641, 0.7556, 0.9039, 0.1465, 0.1675, 0.2025, 0.5709, 0.3398, 0.3983, 0.3067, 0.1219, 0.1478], [0.1017, 0.158, 0.1905, 1.0, 0.9901, 0.9999, 0.1454, 0.1044, 0.1381, 0.2833, 0.444, 0.161, 0.1605, 0.1966, 0.1653, 0.0403, 0.1049, 0.0119, 0.1305, 0.0697, 0.1949, 0.0123, 0.0137, 0.019, 0.05, 0.0243, 0.0343, 0.0495, 0.0329, 0.0195], [0.1943, 0.2481, 0.2909, 0.9901, 1.0, 0.9888, 0.2558, 0.2127, 0.2552, 0.3849, 0.5483, 0.2777, 0.2683, 0.2986, 0.2748, 0.0836, 0.1376, 0.0224, 0.2437, 0.1588, 0.2947, 0.0275, 0.0305, 0.0398, 0.1176, 0.0617, 0.076, 0.082, 0.047, 0.036], [0.0915, 0.1478, 0.1803, 0.9999, 0.9888, 1.0, 0.1394, 0.0975, 0.1307, 0.2774, 0.437, 0.1512, 0.1547, 0.1909, 0.1592, 0.037, 0.1023, 0.0109, 0.1238, 0.0624, 0.1862, 0.0111, 0.0124, 0.0174, 0.0446, 0.0215, 0.0309, 0.0473, 0.0324, 0.0188], [0.5081, 0.5035, 0.5685, 0.1454, 0.2558, 0.1394, 1.0, 0.9592, 0.9774, 0.3432, 0.4389, 0.5512, 0.9762, 0.9602, 0.9702, 0.2689, 0.2512, 0.081, 0.9836, 0.6732, 0.6963, 0.0822, 0.0941, 0.1188, 0.4128, 0.2971, 0.3372, 0.1915, 0.0698, 0.0834], [0.6396, 0.6017, 0.6851, 0.1044, 0.2127, 0.0975, 0.9592, 1.0, 0.9817, 0.3258, 0.4466, 0.6588, 0.9239, 0.9332, 0.9274, 0.2728, 0.2497, 0.0735, 0.981, 0.8281, 0.7951, 0.0792, 0.091, 0.1202, 0.4483, 0.3128, 0.3635, 0.2064, 0.0785, 0.0936], [0.6615, 0.6349, 0.7066, 0.1381, 0.2552, 0.1307, 0.9774, 0.9817, 1.0, 0.3862, 0.5154, 0.6891, 0.9314, 0.9204, 0.9342, 0.2907, 0.2634, 0.0812, 0.9943, 0.7966, 0.7844, 0.0891, 0.1014, 0.1311, 0.4669, 0.3207, 0.3651, 0.2176, 0.0806, 0.097], [0.4077, 0.4247, 0.5224, 0.2833, 0.3849, 0.2774, 0.3432, 0.3258, 0.3862, 1.0, 0.9493, 0.742, 0.4019, 0.387, 0.4262, 0.2458, 0.1674, 0.0548, 0.3511, 0.2612, 0.5079, 0.0913, 0.1004, 0.1169, 0.3962, 0.1861, 0.1993, 0.1655, 0.0721, 0.0748], [0.5871, 0.5886, 0.6892, 0.444, 0.5483, 0.437, 0.4389, 0.4466, 0.5154, 0.9493, 1.0, 0.8487, 0.4535, 0.4434, 0.4824, 0.3175, 0.2491, 0.0943, 0.4761, 0.4485, 0.6479, 0.1318, 0.144, 0.1677, 0.4837, 0.2657, 0.285, 0.2393, 0.1084, 0.1175], [0.8883, 0.8461, 0.9266, 0.161, 0.2777, 0.1512, 0.5512, 0.6588, 0.6891, 0.742, 0.8487, 1.0, 0.5204, 0.5265, 0.5559, 0.3122, 0.2406, 0.0868, 0.6333, 0.7655, 0.8241, 0.0971, 0.1109, 0.1413, 0.5142, 0.2628, 0.3062, 0.2165, 0.0688, 0.0851], [0.4588, 0.4855, 0.5379, 0.1605, 0.2683, 0.1547, 0.9762, 0.9239, 0.9314, 0.4019, 0.4535, 0.5204, 1.0, 0.9911, 0.9973, 0.2496, 0.224, 0.0564, 0.9328, 0.5607, 0.6981, 0.0759, 0.0855, 0.1103, 0.4095, 0.2895, 0.3373, 0.1722, 0.0588, 0.069], [0.4672, 0.4938, 0.5517, 0.1966, 0.2986, 0.1909, 0.9602, 0.9332, 0.9204, 0.387, 0.4434, 0.5265, 0.9911, 1.0, 0.9887, 0.243, 0.2313, 0.0638, 0.9199, 0.5894, 0.7111, 0.0719, 0.0826, 0.1061, 0.37, 0.2439, 0.298, 0.1699, 0.0661, 0.0745], [0.5027, 0.5286, 0.5803, 0.1653, 0.2748, 0.1592, 0.9702, 0.9274, 0.9342, 0.4262, 0.4824, 0.5559, 0.9973, 0.9887, 1.0, 0.2673, 0.2318, 0.0588, 0.9319, 0.573, 0.7427, 0.0791, 0.0889, 0.1165, 0.4634, 0.3381, 0.3881, 0.1866, 0.0603, 0.0719], [0.324, 0.3501, 0.4049, 0.0403, 0.0836, 0.037, 0.2689, 0.2728, 0.2907, 0.2458, 0.3175, 0.3122, 0.2496, 0.243, 0.2673, 1.0, 0.9215, 0.8265, 0.2835, 0.2353, 0.4431, 0.6292, 0.7036, 0.6867, 0.5376, 0.433, 0.4295, 0.5844, 0.2451, 0.3251], [0.2626, 0.3067, 0.3509, 0.1049, 0.1376, 0.1023, 0.2512, 0.2497, 0.2634, 0.1674, 0.2491, 0.2406, 0.224, 0.2313, 0.2318, 0.9215, 1.0, 0.9297, 0.2575, 0.2153, 0.3706, 0.377, 0.4677, 0.4493, 0.3693, 0.2694, 0.2622, 0.6632, 0.4267, 0.4812], [0.1079, 0.1412, 0.1776, 0.0119, 0.0224, 0.0109, 0.081, 0.0735, 0.0812, 0.0548, 0.0943, 0.0868, 0.0564, 0.0638, 0.0588, 0.8265, 0.9297, 1.0, 0.0782, 0.0719, 0.1453, 0.1858, 0.2899, 0.2438, 0.2316, 0.158, 0.128, 0.3903, 0.1789, 0.2235], [0.5939, 0.557, 0.641, 0.1305, 0.2437, 0.1238, 0.9836, 0.981, 0.9943, 0.3511, 0.4761, 0.6333, 0.9328, 0.9199, 0.9319, 0.2835, 0.2575, 0.0782, 1.0, 0.7868, 0.7506, 0.0865, 0.0981, 0.127, 0.4676, 0.3445, 0.3831, 0.2188, 0.0855, 0.1015], [0.759, 0.6391, 0.7556, 0.0697, 0.1588, 0.0624, 0.6732, 0.8281, 0.7966, 0.2612, 0.4485, 0.7655, 0.5607, 0.5894, 0.573, 0.2353, 0.2153, 0.0719, 0.7868, 1.0, 0.7282, 0.0672, 0.0789, 0.1051, 0.3812, 0.2319, 0.2696, 0.1828, 0.0666, 0.0834], [0.8591, 0.846, 0.9039, 0.1949, 0.2947, 0.1862, 0.6963, 0.7951, 0.7844, 0.5079, 0.6479, 0.8241, 0.6981, 0.7111, 0.7427, 0.4431, 0.3706, 0.1453, 0.7506, 0.7282, 1.0, 0.1743, 0.1896, 0.2394, 0.7622, 0.5944, 0.6548, 0.436, 0.2342, 0.2608], [0.1023, 0.1266, 0.1465, 0.0123, 0.0275, 0.0111, 0.0822, 0.0792, 0.0891, 0.0913, 0.1318, 0.0971, 0.0759, 0.0719, 0.0791, 0.6292, 0.377, 0.1858, 0.0865, 0.0672, 0.1743, 1.0, 0.9942, 0.9952, 0.2207, 0.1744, 0.1948, 0.4025, 0.1301, 0.219], [0.1165, 0.1433, 0.1675, 0.0137, 0.0305, 0.0124, 0.0941, 0.091, 0.1014, 0.1004, 0.144, 0.1109, 0.0855, 0.0826, 0.08