{"classes": ["T-shirt", "Trouser", "Pullover", "Dress", "Coat", "Sandal", "Shirt", "Sneaker", "Bag", "Boot"], "temp": 4.0, "seeds": [0, 1, 2], "accs": {"teacher": {"direct": 87.2, "linear": 88.1, "centroid": 81.7}, "kd": {"direct": 84.6, "linear": 85.8, "centroid": 79.0}, "kernel": {"linear": 83.7, "centroid": 81.2, "seeds": {"0": {"linear": 83.7, "centroid": 81.2}, "1": {"linear": 84.5, "centroid": 81.0}, "2": {"linear": 84.9, "centroid": 81.4}}}, "label": {"direct": 85.8, "linear": 87.0, "centroid": 80.0}, "random": {"linear": 77.5, "centroid": 62.0}}, "spectra": {"teacher": [0.6229, 0.1907, 0.0733, 0.0458, 0.0332, 0.0178, 0.0109, 0.0045, 0.001, 0.0], "target": [0.2936, 0.1685, 0.1127, 0.1072, 0.104, 0.085, 0.0783, 0.0324, 0.0185, 0.0], "kd": [0.6496, 0.1826, 0.0681, 0.0446, 0.023, 0.0166, 0.0121, 0.0029, 0.0005, 0.0], "label": [0.6325, 0.1895, 0.0628, 0.0479, 0.0344, 0.0193, 0.0101, 0.0029, 0.0008, 0.0], "random": [0.4874, 0.319, 0.1103, 0.0352, 0.0202, 0.0161, 0.0095, 0.0013, 0.001, 0.0], "kernelByEpoch": [[0.441480427980423, 0.22287924587726593, 0.10400044173002243, 0.09453096240758896, 0.07788532227277756, 0.04192094877362251, 0.015641972422599792, 0.0011110203340649605, 0.0005496462690643966, 0.0], [0.41204988956451416, 0.2111162543296814, 0.09926767647266388, 0.09567911177873611, 0.0878305733203888, 0.0531793013215065, 0.03864787146449089, 0.001686382805928588, 0.0005430344608612359, 6.026391385915986e-09], [0.40165239572525024, 0.21013812720775604, 0.10050337016582489, 0.09335101395845413, 0.0907195433974266, 0.057277511805295944, 0.04264964163303375, 0.0031415431294590235, 0.0005668153171427548, 6.482603787105745e-09], [0.3977543115615845, 0.20430272817611694, 0.09891336411237717, 0.09347673505544662, 0.09236697107553482, 0.061325978487730026, 0.04651579260826111, 0.004719303455203772, 0.000624842185061425, 0.0], [0.3917991518974304, 0.2051469385623932, 0.100799061357975, 0.0953371673822403, 0.09109271317720413, 0.060835450887680054, 0.04830334335565567, 0.005988027434796095, 0.0006982453051023185, 0.0], [0.3911595642566681, 0.19847041368484497, 0.10217691957950592, 0.09998129308223724, 0.08958777040243149, 0.06407861411571503, 0.04709354043006897, 0.006676085293292999, 0.0007758779684081674, 6.052537138145908e-09], [0.3923135995864868, 0.19367340207099915, 0.10247128456830978, 0.09702420979738235, 0.0944099873304367, 0.0625404641032219, 0.049054261296987534, 0.007584170904010534, 0.0009285646374337375, 2.165397638975719e-09], [0.38788482546806335, 0.19570088386535645, 0.10283630341291428, 0.09776186943054199, 0.09060204029083252, 0.06624146550893784, 0.0500124953687191, 0.007953373715281487, 0.0010068374685943127, 3.4789595648732075e-09]]}, "grams": {"teacher": [[0.1903, 0.001, 0.1117, 0.0912, 0.0912, -0.1607, 0.1287, -0.2215, -0.0189, -0.213], [0.001, 0.4037, -0.0273, 0.1806, 0.0326, -0.1511, -0.0036, -0.1547, -0.1168, -0.1644], [0.1117, -0.0273, 0.201, 0.0157, 0.1729, -0.1681, 0.1477, -0.2752, -0.0036, -0.1746], [0.0912, 0.1806, 0.0157, 0.1903, 0.0454, -0.153, 0.0488, -0.1495, -0.0683, -0.2013], [0.0912, 0.0326, 0.1729, 0.0454, 0.1872, -0.2011, 0.142, -0.282, 0.0023, -0.1905], [-0.1607, -0.1511, -0.1681, -0.153, -0.2011, 0.3679, -0.1702, 0.3688, 0.0057, 0.2619], [0.1287, -0.0036, 0.1477, 0.0488, 0.142, -0.1702, 0.1393, -0.2486, -0.0056, -0.1786], [-0.2215, -0.1547, -0.2752, -0.1495, -0.282, 0.3688, -0.2486, 0.5586, 0.0391, 0.3651], [-0.0189, -0.1168, -0.0036, -0.0683, 0.0023, 0.0057, -0.0056, 0.0391, 0.1199, 0.0463], [-0.213, -0.1644, -0.1746, -0.2013, -0.1905, 0.2619, -0.1786, 0.3651, 0.0463, 0.4491]], "kernel": [[0.3459, -0.1031, 0.0801, 0.108, 0.0188, -0.1688, 0.1669, -0.2005, -0.0371, -0.2102], [-0.1031, 0.7826, -0.107, 0.0664, -0.0811, -0.1015, -0.12, -0.114, -0.1286, -0.0937], [0.0801, -0.107, 0.3026, 0.0117, 0.2577, -0.205, 0.202, -0.245, -0.0637, -0.2333], [0.108, 0.0664, 0.0117, 0.3645, 0.0215, -0.1802, 0.0509, -0.186, -0.0652, -0.1916], [0.0188, -0.0811, 0.2577, 0.0215, 0.3063, -0.2063, 0.1862, -0.241, -0.026, -0.2362], [-0.1688, -0.1015, -0.205, -0.1802, -0.2063, 0.623, -0.197, 0.2867, -0.0474, 0.1966], [0.1669, -0.12, 0.202, 0.0509, 0.1862, -0.197, 0.1945, -0.2306, -0.0231, -0.2298], [-0.2005, -0.114, -0.245, -0.186, -0.241, 0.2867, -0.2306, 0.6383, -0.0167, 0.3089], [-0.0371, -0.1286, -0.0637, -0.0652, -0.026, -0.0474, -0.0231, -0.0167, 0.4362, -0.0284], [-0.2102, -0.0937, -0.2333, -0.1916, -0.2362, 0.1966, -0.2298, 0.3089, -0.0284, 0.7177]]}, "cka": {"kernelByEpoch": [0.9496, 0.9409, 0.9366, 0.9335, 0.9289, 0.9256, 0.9297, 0.9285], "kd": 0.979, "label": 0.99, "random": 0.91, "targetByEpoch": [0.9481, 0.9639, 0.9683, 0.9716, 0.9733, 0.9748, 0.9756, 0.9762], "toTarget": {"kernel": 0.976, "kd": 0.82, "label": 0.844, "random": 0.821, "teacher": 0.854}}, "confCorr": {"kernel": 0.957, "kd": 0.986, "label": 0.966, "random": 0.712}, "confusion": {"teacher": [[0.817, 0.001, 0.016, 0.085, 0.006, 0.006, 0.055, 0.0, 0.014, 0.0], [0.001, 0.946, 0.011, 0.029, 0.008, 0.0, 0.003, 0.0, 0.002, 0.0], [0.015, 0.0, 0.788, 0.016, 0.121, 0.0, 0.053, 0.0, 0.007, 0.0], [0.041, 0.011, 0.001, 0.885, 0.011, 0.0, 0.048, 0.0, 0.003, 0.0], [0.001, 0.001, 0.196, 0.08, 0.682, 0.0, 0.036, 0.0, 0.004, 0.0], [0.0, 0.0, 0.0, 0.001, 0.0, 0.932, 0.0, 0.041, 0.0, 0.026], [0.257, 0.0, 0.215, 0.057, 0.149, 0.0, 0.299, 0.0, 0.023, 0.0], [0.0, 0.0, 0.0, 0.0, 0.0, 0.01, 0.0, 0.939, 0.0, 0.051], [0.005, 0.001, 0.005, 0.028, 0.008, 0.006, 0.023, 0.005, 0.918, 0.001], [0.0, 0.0, 0.0, 0.001, 0.0, 0.002, 0.0, 0.031, 0.001, 0.965]], "kernel": [[0.813, 0.0, 0.006, 0.073, 0.004, 0.003, 0.092, 0.0, 0.009, 0.0], [0.0, 0.948, 0.003, 0.033, 0.007, 0.0, 0.007, 0.0, 0.002, 0.0], [0.016, 0.0, 0.666, 0.008, 0.173, 0.0, 0.135, 0.0, 0.002, 0.0], [0.022, 0.009, 0.004, 0.879, 0.018, 0.0, 0.067, 0.0, 0.001, 0.0], [0.001, 0.001, 0.152, 0.048, 0.731, 0.0, 0.065, 0.0, 0.002, 0.0], [0.0, 0.0, 0.0, 0.0, 0.0, 0.932, 0.0, 0.048, 0.001, 0.019], [0.245, 0.0, 0.227, 0.036, 0.167, 0.0, 0.303, 0.0, 0.022, 0.0], [0.0, 0.0, 0.0, 0.0, 0.0, 0.018, 0.0, 0.927, 0.001, 0.054], [0.001, 0.001, 0.001, 0.007, 0.006, 0.0, 0.018, 0.003, 0.961, 0.002], [0.0, 0.0, 0.0, 0.0, 0.0, 0.005, 0.001, 0.035, 0.0, 0.959]]}, "curves": {"kernel": {"loss": [0.0305, 0.0108, 0.0079, 0.0066, 0.0059, 0.0053, 0.0049, 0.0046], "linear": [80.82, 81.95, 82.42, 82.83, 83.17, 83.34, 83.57, 83.65], "centroid": [75.26, 77.29, 78.56, 79.32, 80.03, 80.48, 80.85, 81.19]}, "kd": [73.53, 79.0, 80.9, 82.68, 83.77, 84.14, 84.45, 84.65], "label": [75.63, 79.01, 81.49, 83.25, 84.46, 85.23, 85.06, 85.82]}, "tempSweep": {"T": [0.5, 1, 2, 3, 4, 6, 8, 12, 16, 24, 32], "offdiag": [0.0125, 0.0316, 0.0951, 0.1886, 0.2982, 0.5059, 0.6592, 0.828, 0.902, 0.9576, 0.9768], "effRank": [8.978, 8.869, 8.347, 7.66, 6.981, 5.89, 5.222, 4.603, 4.349, 4.134, 4.037], "S": {"1": [[1.0, 0.0028, 0.0458, 0.0673, 0.0117, 0.0019, 0.233, 0.0008, 0.0161, 0.0004], [0.0028, 1.0, 0.0039, 0.0213, 0.0058, 0.0001, 0.0044, 0.0, 0.0007, 0.0001], [0.0458, 0.0039, 1.0, 0.0344, 0.2158, 0.0014, 0.2165, 0.0002, 0.0164, 0.0003], [0.0673, 0.0213, 0.0344, 1.0, 0.0579, 0.0014, 0.0684, 0.0005, 0.009, 0.0005], [0.0117, 0.0058, 0.2158, 0.0579, 1.0, 0.0004, 0.2032, 0.0002, 0.0137, 0.0002], [0.0019, 0.0001, 0.0014, 0.0014, 0.0004, 1.0, 0.0016, 0.0458, 0.0062, 0.017], [0.233, 0.0044, 0.2165, 0.0684, 0.2032, 0.0016, 1.0, 0.0005, 0.0242, 0.0009], [0.0008, 0.0, 0.0002, 0.0005, 0.0002, 0.0458, 0.0005, 1.0, 0.0056, 0.0628], [0.0161, 0.0007, 0.0164, 0.009, 0.0137, 0.0062, 0.0242, 0.0056, 1.0, 0.0026], [0.0004, 0.0001, 0.0003, 0.0005, 0.0002, 0.017, 0.0009, 0.0628, 0.0026, 1.0]], "4": [[1.0, 0.1662, 0.5481, 0.5316, 0.4081, 0.177, 0.7721, 0.1862, 0.3858, 0.1564], [0.1662, 1.0, 0.1824, 0.2755, 0.2348, 0.0466, 0.1866, 0.0514, 0.1057, 0.054], [0.5481, 0.1824, 1.0, 0.4624, 0.7757, 0.1551, 0.7837, 0.1407, 0.3763, 0.1219], [0.5316, 0.2755, 0.4624, 1.0, 0.4496, 0.1209, 0.5295, 0.1493, 0.3002, 0.1115], [0.4081, 0.2348, 0.7757, 0.4496, 1.0, 0.1343, 0.733, 0.1366, 0.3969, 0.123], [0.177, 0.0466, 0.1551, 0.1209, 0.1343, 1.0, 0.1877, 0.4214, 0.2482, 0.3284], [0.7721, 0.1866, 0.7837, 0.5295, 0.733, 0.1877, 1.0, 0.1755, 0.4346, 0.1615], [0.1862, 0.0514, 0.1407, 0.1493, 0.1366, 0.4214, 0.1755, 1.0, 0.3142, 0.4296], [0.3858, 0.1057, 0.3763, 0.3002, 0.3969, 0.2482, 0.4346, 0.3142, 1.0, 0.2479], [0.1564, 0.054, 0.1219, 0.1115, 0.123, 0.3284, 0.1615, 0.4296, 0.2479, 1.0]], "16": [[1.0, 0.8781, 0.9698, 0.9695, 0.9496, 0.8751, 0.9861, 0.8799, 0.9532, 0.8749], [0.8781, 1.0, 0.8788, 0.9169, 0.9055, 0.769, 0.8752, 0.7822, 0.843, 0.7913], [0.9698, 0.8788, 1.0, 0.9583, 0.9843, 0.8566, 0.9878, 0.8523, 0.9439, 0.8509], [0.9695, 0.9169, 0.9583, 1.0, 0.9557, 0.8436, 0.9634, 0.8631, 0.9316, 0.8494], [0.9496, 0.9055, 0.9843, 0.9557, 1.0, 0.8485, 0.9769, 0.8539, 0.9439, 0.8536], [0.8751, 0.769, 0.8566, 0.8436, 0.8485, 1.0, 0.8701, 0.9526, 0.9162, 0.9402], [0.9861, 0.8752, 0.9878, 0.9634, 0.9769, 0.8701, 1.0, 0.8673, 0.9539, 0.8685], [0.8799, 0.7822, 0.8523, 0.8631, 0.8539, 0.9526, 0.8673, 1.0, 0.932, 0.9533], [0.9532, 0.843, 0.9439, 0.9316, 0.9439, 0.9162, 0.9539, 0.932, 1.0, 0.9197], [0.8749, 0.7913, 0.8509, 0.8494, 0.8536, 0.9402, 0.8685, 0.9533, 0.9197, 1.0]]}}, "logits": {"vals": [[-1.3593, -5.0058, -3.5699, -2.6248, -4.1248, 3.1985, -1.8404, 2.7999, 2.1936, 7.4015], [0.4982, 1.1435, 7.2351, 2.0077, 7.8022, -7.7652, 2.0007, -6.5518, 0.787, -5.8475], [2.5447, -6.2358, 1.9601, 3.4843, -0.5687, 0.9477, 1.783, -0.419, 7.9582, -7.6515], [0.2258, -6.615, 2.1418, 1.7932, 0.8881, 1.2736, 1.4503, 0.779, 10.8204, -5.7653], [-5.4511, -2.487, -5.6815, -3.1215, -5.6771, 3.0025, -3.5787, -1.4653, -1.3101, 11.8316], [-2.8134, -5.2964, -5.531, -3.7443, -4.8128, 4.0159, -1.9765, 3.0318, 0.5034, 11.5458], [7.0034, -2.0934, 2.8578, 2.5898, -1.1437, -3.7613, 6.4868, -6.2882, 1.5499, -5.6254], [-1.091, -0.4132, 5.2291, -0.1344, 7.0046, -5.6386, 5.3802, -6.5565, 1.5308, -3.7729], [-2.1349, -5.6728, -4.7352, -3.7789, -5.9614, 4.1908, -1.5462, 1.9941, -0.4325, 11.2741], [0.7398, -5.8832, -0.4346, -0.9033, -2.2927, 5.3568, -0.7295, 13.797, 3.6394, 3.5101], [1.322, -5.5142, 2.9033, 0.1649, -0.3262, -2.0957, 0.8828, 0.7215, 9.712, -2.883], [0.098, -4.5227, 1.3064, -0.3205, 2.0718, -1.58, 2.4467, 1.135, 8.5398, -2.131], [-0.6883, 0.2137, 6.0477, 0.0704, 7.6871, -4.3256, 4.3967, -6.3375, 0.7429, -4.9818], [0.6996, -5.9568, 1.5418, 1.1201, -0.1532, 1.1553, 2.2774, 0.2912, 10.2626, -5.2057], [-2.0522, -4.375, -4.6333, -3.4534, -4.3175, 1.6649, -2.7189, 3.4937, 0.665, 10.8025], [0.7178, 3.6794, 2.5084, 9.0205, 0.2815, -8.1336, -1.9011, -3.1701, -2.8967, -4.3747], [-0.3088, 2.0916, 7.7058, 1.0493, 7.268, -5.9456, 2.4927, -7.206, -1.2153, -4.7775], [0.5485, -1.2357, 6.8194, -0.8761, 6.7997, -5.8572, 6.1819, -7.5681, 1.1521, -3.7092], [-1.2299, -5.3896, -3.9694, -3.1951, -3.9473, 3.9304, -2.2967, 5.0074, 2.3472, 8.8492], [-0.6034, 16.3175, -2.9854, 3.331, -0.1203, -9.311, -2.4117, -7.9467, -5.9695, -6.3547], [-3.8727, -4.3702, -6.2274, -2.3892, -5.3857, 4.8229, -3.0584, 0.3506, 0.6856, 10.433], [6.1987, -1.1036, 2.1518, 1.1893, -1.5026, -2.9571, 4.0214, -5.0581, -1.3212, -3.1009], [0.4068, -6.136, -0.3521, -0.6782, -2.4745, 7.1899, -0.6551, 12.9163, 2.9415, 2.8696], [1.2853, -5.7276, -0.2737, -1.0883, -2.371, 4.8231, -0.2675, 11.8302, 3.3046, 3.8782], [0.6484, 3.2532, -1.3212, 6.1183, -0.9008, -6.0058, 1.5661, -3.9162, -2.0133, -4.5138], [1.488, 0.8977, 6.9187, 2.1478, 7.2582, -8.7692, 1.8202, -7.2632, 1.7743, -6.3388], [1.3571, -5.1404, 3.0763, 0.3168, 2.5258, -2.2755, 1.1984, 1.0629, 8.6295, -2.199], [0.057, -0.545, 1.8916, -0.4037, -0.8528, -2.9955, 2.4758, -5.6185, 3.7798, -0.9058], [4.8399, -0.8282, 2.117, 2.0225, -2.0956, -2.1358, 4.3491, -4.6613, -0.6377, -4.2309], [-2.4703, -4.6853, -4.6934, -3.796, -4.7594, 3.3911, -3.0853, 3.3172, 0.3427, 11.6795], [0.9602, -2.5255, 5.3572, 0.5885, 4.0289, -4.9971, 9.3132, -7.6178, -0.2822, -3.9734], [0.4041, -6.4599, -0.1121, -0.3158, -1.0916, 7.8055, -1.0063, 8.9815, 1.766, 4.4757], [-0.2748, -1.2289, 4.0608, -0.7386, 7.0275, -3.6932, 4.4595, -4.3924, 0.8669, -3.5375], [0.5937, -5.7554, 0.0602, 1.1428, -1.2561, 7.5382, -0.2903, 5.8366, 3.6388, 0.4193], [-0.0732, -4.3522, -0.4022, -0.4095, -1.6102, 5.2255, -0.5081, 10.0221, 2.6208, 1.9055], [-0.0604, 11.5387, -0.8267, 3.2527, 2.2369, -9.9154, 0.0383, -7.6525, -5.3777, -5.8974], [-0.4446, -5.2496, 0.6717, 1.2573, 0.1815, 0.91, 1.6633, -0.9754, 8.1952, -3.4607], [-1.193, -1.3501, -1.296, -3.368, -1.4771, 7.44, -1.3947, 1.8938, -0.2543, 3.2276], [-0.7268, -5.9578, -4.6192, -5.0891, -6.5692, 4.1463, -3.7219, 3.5646, 1.9551, 12.7113], [6.2442, -1.8795, 5.3782, 3.5264, -0.4019, -5.4885, 6.4921, -6.318, -0.4155, -5.4591], [1.5088, -0.4174, 4.9503, 0.4606, 6.5987, -5.7986, 5.1039, -6.8406, 0.3481, -4.7278], [2.4356, -1.493, 3.326, 0.4547, -0.7226, -5.2861, 2.6055, -4.6255, 2.551, -0.958], [0.1587, -6.5843, -1.9493, -0.5556, -3.4329, 5.1157, -1.3077, 11.6592, 4.2062, 5.408], [-3.2398, 17.2042, -3.2486, 4.0772, -0.0708, -9.5182, -4.0488, -7.6873, -6.2234, -5.599], [-0.9446, -5.6737, -4.0155, -3.1103, -4.7384, 2.9402, -2.6426, 5.7195, 2.2937, 10.4173], [-0.2848, -5.8842, -2.2201, -1.7459, -5.4419, 13.4797, -1.071, 1.5892, 2.0567, 2.6894], [-0.6135, -6.0489, 0.2215, -1.6406, -3.4552, 11.204, -1.2079, 3.9995, 4.5187, 2.7071], [2.1881, -5.6414, 2.6938, 2.4643, 0.7856, -1.0139, 1.8579, -0.974, 6.8979, -4.9846], [-0.0928, -4.8218, -1.4871, -0.9544, -2.4012, 7.567, 0.1222, 3.3645, 2.4055, 2.0471], [-0.2891, -0.6611, 3.8112, -0.4751, 6.323, -4.3397, 5.6093, -4.9852, -1.2549, -3.4172], [4.7489, -0.4079, 2.8563, 6.0744, -0.1577, -6.1117, 5.9711, -6.1386, -1.9188, -7.0098], [-0.1282, -3.9193, -1.6252, 0.2123, -5.1144, 1.3147, -1.0419, 0.6528, 2.4491, 5.0411], [0.9541, -2.0476, 4.3216, 1.1044, 3.9243, -3.8916, 6.4234, -5.7352, 0.7733, -4.4355], [5.0966, -2.4219, 4.0493, 2.8677, 0.251, -6.2869, 5.4917, -6.6392, 1.2895, -4.3833], [10.2512, -1.4079, 5.8769, 7.3704, -2.0357, -9.0198, 5.9644, -9.0097, -1.6107, -7.3927], [4.3849, -6.3521, 2.8949, 2.8402, 0.9076, -2.3519, 4.7886, 1.6593, 6.9918, -5.5159], [0.3916, -4.3318, 0.7002, 0.2907, 0.5081, -4.3151, 1.2479, -0.4022, 9.0454, -1.7013], [0.1729, -1.3907, 10.3367, 1.7566, 6.1412, -3.0838, 4.4485, -7.5363, 0.6442, -5.5864], [0.6008, -5.7872, -1.7411, -0.4474, -2.9247, 5.0443, -0.9368, 7.9392, 3.2145, 4.2986], [-0.0169, -6.3149, -1.9752, -0.8347, -3.5792, 6.1925, -0.9046, 14.2075, 3.4734, 5.727], [1.1095, 0.8073, 4.3117, 4.2678, 7.1536, -8.236, 1.5506, -5.545, 1.0308, -6.8996], [1.6982, -1.1906, 2.942, -1.0967, 0.038, -3.2774, 2.7982, -4.3977, 2.6737, -1.136], [-0.7009, -4.583, -2.652, -2.2659, -3.2971, 4.1066, -1.1788, 7.6791, 1.8052, 7.0161], [1.704, -2.2486, -0.5031, -1.6015, 0.0106, -4.7019, 0.1658, -1.5592, 7.4689, 0.8942], [-0.8456, -5.1579, -2.3782, -1.1556, -3.5512, 6.6037, -1.3088, 10.0444, 1.5571, 6.8879], [2.3596, 0.1564, 8.5893, 2.2863, 7.6951, -7.0927, 3.2914, -7.7178, -0.2579, -6.0783], [0.3796, -5.1041, -2.0432, -1.7567, -2.9749, 2.9855, -1.1677, 8.4783, 2.9105, 6.0686], [4.0423, -1.8841, 1.9822, 10.7893, 1.5167, -8.4479, 5.2083, -4.7694, -2.3507, -7.2486], [1.3332, 2.7249, -1.5051, 5.7897, 1.6898, -6.4469, 2.9014, -5.0684, 0.2469, -7.3587], [-0.6413, -4.9685, -0.7941, -0.4767, -1.572, 7.5792, -0.539, 4.8542, 1.3904, 3.1378], [0.2055, 2.7249, 0.6434, 7.8174, 1.3098, -7.4547, -0.6813, -2.9194, -1.5503, -4.6263], [0.5773, -1.2935, 4.5447, 0.2418, 4.3815, -1.2678, 3.4461, -3.9778, -0.6793, -3.3404], [-1.3416, -2.4666, 5.1533, -1.1125, 7.5311, -3.3934, 4.0759, -4.5828, 4.1901, -3.1929], [-1.4931, 14.0602, -2.1412, 2.9055, 2.0241, -9.745, -2.3963, -6.3802, -5.1474, -5.501], [-0.4005, -1.4859, 0.3508, -1.3518, 2.0393, -5.8381, 0.5183, -1.0432, 6.589, 0.0067], [0.1431, 0.4073, 6.0278, 1.6472, 7.4198, -7.1871, 3.5613, -6.6789, 1.4204, -5.4221], [2.4411, 1.1546, 0.3843, 2.1865, -0.8183, -1.4314, 0.4795, -0.8176, -0.5319, -2.9236], [0.9791, 7.0327, -1.0491, 4.1049, -0.0279, -5.0336, -0.8073, -2.7255, -2.2328, -4.9783], [-0.6599, -6.0919, -2.2702, -0.2596, -3.1276, 5.9576, -1.3332, 10.6361, 3.3475, 4.8796], [0.8854, -0.3127, 6.0142, -0.5302, 2.4723, -4.8109, 3.2802, -6.3939, 2.2009, -2.2508], [-0.9796, 0.5961, 4.771, -0.161, 7.3524, -5.5636, 3.4129, -5.9771, 1.2713, -3.8451], [0.8593, -0.2883, 7.2825, 0.2693, 8.271, -6.165, 5.4148, -7.0716, -0.7921, -5.4215], [-1.9202, 15.4977, -1.5768, 2.3065, 0.3914, -7.2124, -3.315, -7.4055, -5.192, -6.0209], [1.614, -0.7628, 3.0627, -0.5064, -0.1029, -4.5201, 1.5536, -6.2838, 4.5517, -1.0702], [-2.6445, 16.6753, -2.5152, 4.0739, -0.3521, -9.3939, -4.4843, -7.5099, -6.2542, -5.1579], [0.4395, -5.9944, -0.6519, -0.4953, -2.2236, 5.7927, -0.4317, 9.8221, 3.1307, 3.8445], [1.2025, -6.1939, -2.1484, -2.5613, -3.8542, 3.5705, -1.2359, 10.7585, 3.1827, 7.2656], [1.0768, -2.4758, 4.114, -0.4162, 1.7456, 0.1909, 3.8644, -3.3965, 0.3162, -2.4116], [3.3578, 2.3794, 2.5732, 7.123, 0.3564, -8.6482, 1.6619, -3.0322, -1.7448, -6.0035], [-0.7235, -0.4999, 2.145, 1.5504, 4.7775, -4.0385, 5.4707, -5.6409, 1.0319, -4.5144], [0.1715, 8.2995, 0.7277, 2.714, 0.4501, -5.1747, -2.7922, -5.1027, -1.282, -5.4201], [8.714, -1.4771, 4.2831, 0.6397, -0.8013, -4.3537, 7.2942, -9.4173, 0.8199, -5.7193], [1.8812, -8.2186, 1.5081, 4.2716, -0.1417, 0.4091, 2.4555, 1.631, 8.6681, -6.8165], [1.4625, -4.3149, 0.4216, -0.137, -2.966, 8.3603, 0.0231, 4.0402, 0.9448, 0.1899], [5.7885, -1.5535, 7.9615, 2.9978, -1.6375, -6.7788, 5.5805, -9.07, 1.4606, -3.8925], [0.2667, -5.2988, -1.05, -1.3486, -3.3708, 9.8155, -0.5105, 0.328, 1.5616, 2.9563], [-0.7143, 1.5743, 4.3078, 0.8382, 7.7686, -5.7427, 2.1831, -5.5939, -0.1144, -4.4131], [6.3904, -0.8836, 2.4143, 2.3251, -0.8793, -3.3866, 3.7984, -5.6282, -0.9634, -4.1005], [-2.5115, 12.765, -1.9567, 3.5609, -0.3054, -6.427, -3.1849, -6.3481, -4.8622, -4.2423], [6.1346, -1.0884, 7.1407, 3.3876, -1.6235, -6.0596, 4.3568, -8.9011, 1.2965, -4.1917], [0.7734, -5.2369, -2.1417, -3.6518, -2.6312, 7.1844, -0.0699, 7.3658, 2.44, 5.7823], [0.5939, -5.295, -0.1041, -0.7297, -1.5767, 6.1741, -0.2233, 10.9923, 3.1026, 1.7376], [1.0536, 0.8445, 7.8826, 0.9722, 7.7407, -6.457, 2.248, -7.3451, 0.2399, -5.3884], [0.2701, -5.0255, -0.5536, -0.6605, -2.3402, 6.2025, -0.5611, 13.2019, 3.1345, 2.6186], [0.555, -4.865, -3.2809, -2.8382, -3.6065, 5.2411, -0.5148, 8.5033, 1.552, 7.1374], [3.0874, 2.0527, 1.162, 6.8756, 1.5721, -9.044, 2.6097, -4.1221, -2.044, -5.3464], [0.4567, -4.5739, 2.8371, 2.183, 0.8088, 1.4849, 0.9338, -1.7956, 7.0644, -4.4508], [6.5253, -1.5157, 3.1038, 1.7096, -2.6813, -2.7252, 5.516, -6.4498, -1.1426, -3.8321], [8.4133, -2.2696, 3.714, 6.3905, 1.2863, -7.3966, 7.0417, -7.9078, -0.4586, -9.1051], [2.3108, 0.3093, 1.3376, 8.3226, -0.1181, -7.8496, 1.2752, -1.9784, -0.4802, -5.3997], [-1.6072, 9.7814, -2.5776, 3.1176, 0.5176, -6.1648, -1.7381, -4.1198, -3.9075, -3.7591], [-0.1776, 13.3699, -1.6302, 4.5072, 0.3739, -9.781, -1.9783, -5.7845, -5.3412, -5.6785], [-0.0068, -4.9382, -0.7817, -1.6134, -1.5568, 9.5001, 0.0199, 3.6138, 1.8231, 2.2679], [1.7431, -5.1845, 0.7722, 1.7352, 0.9863, -2.8774, 2.7683, 0.3842, 9.7451, -3.9028], [0.6289, -5.0502, -1.2722, 0.0641, -3.11, 8.4796, 0.9442, 1.2051, 1.9269, -0.3048], [1.2792, -6.0441, -1.8792, -1.5189, -3.3777, 3.0729, -1.0705, 8.0637, 3.5534, 5.5048], [2.0519, -0.5865, 5.362, 1.7746, 1.44, -2.6762, 3.3907, -4.8693, -0.4482, -3.6218], [-0.665, -5.6824, -4.4695, -3.509, -5.1401, 3.9477, -3.0421, 5.9535, 1.0362, 11.9741], [1.3646, 3.1622, 1.2872, 9.8754, -1.454, -7.7604, 0.1369, -3.8014, -2.4599, -4.9989], [9.7816, -1.7393, 3.6866, 6.9421, -1.3972, -8.0768, 7.2742, -8.6167, -1.7866, -8.0922], [3.4005, -0.2065, 8.5202, 0.79, 3.1745, -3.0526, 4.0328, -7.0676, -1.6809, -4.4927], [2.0716, 1.0501, 6.9458, 1.7623, 6.0019, -6.01, 3.2467, -7.3759, -1.6802, -5.3575], [-0.5387, 4.2093, 0.2551, 7.6289, 1.5779, -8.1906, -0.6354, -3.2993, -1.7684, -5.0635], [-3.7411, 10.778, -0.2778, 0.7526, 3.4912, -6.6452, 1.0258, -9.6584, -1.4013, -5.5671], [3.1626, -3.3993, 3.3637, 3.8333, 2.3322, -8.2088, 7.0079, -5.8509, 2.5759, -4.8683], [-0.6642, 1.2903, -0.3577, 6.0066, 0.5069, -5.2322, -0.3271, -3.1183, 0.768, -3.7354], [0.2337, 1.0118, 0.5534, 9.3953, 0.2324, -7.311, -0.4601, -1.0922, 0.0842, -4.6495], [1.0167, 0.793, 1.9597, 9.5471, 0.5856, -8.5155, -1.0896, -1.5635, 0.283, -4.954], [0.3644, -0.4589, 5.5022, -0.3057, 3.3765, -3.8653, 4.5044, -6.0451, 1.3776, -2.8208], [2.4878, -0.4003, 5.8833, -0.4591, 1.7148, -2.873, 4.4197, -5.9966, -1.9654, -2.774], [5.4795, 2.9931, 2.4575, 3.7025, -0.6391, -4.5486, 1.6994, -6.9148, -1.6502, -5.8937], [4.5413, -0.7882, 1.874, 3.0887, -1.7158, -3.3907, 4.1254, -3.9233, -0.7966, -3.8824], [10.3022, -0.9335, 4.2957, 3.9961, -3.3179, -6.4942, 6.1839, -8.7647, -0.6441, -6.137], [-0.5051, -7.1749, -2.0673, -0.2012, -3.3728, 7.5209, -1.2485, 11.3191, 3.2195, 5.1386], [-1.1471, -3.8138, -1.56, -0.2108, -1.9781, 3.5995, -1.3442, 6.0296, 2.8916, 4.3803], [2.3676, -1.1583, 4.6539, 3.1804, 4.5405, -6.9343, 2.5028, -5.3114, 3.9858, -6.4811], [-0.7771, 0.9659, 6.2613, -1.2643, 7.4146, -6.0975, 5.0635, -8.4711, 0.4764, -3.1171], [10.02, -1.7001, 6.7179, 4.9876, -1.1664, -6.9516, 6.6575, -9.9651, -0.5884, -7.6754], [-1.4134, 10.8962, -1.3262, 1.6902, 0.9145, -4.3959, -3.628, -6.4478, -3.2391, -4.7404], [1.2138, -1.5632, 0.2287, -1.1902, 0.1706, -1.5385, 0.2325, -0.5315, 5.47, -0.4671], [-1.8073, 3.8682, 0.569, 7.3211, 1.7072, -6.9091, -1.0373, -3.3448, -3.1599, -2.9717], [1.4015, 0.231, 1.207, 5.0668, -2.5327, -1.3605, -0.1463, -0.2377, -0.0615, -3.2189], [0.2559, -0.035, 5.7062, -0.3075, 6.1366, -2.5539, 3.2503, -4.807, -1.2939, -3.8015], [1.9153, -2.8347, -0.2262, -0.3357, -1.4528, -5.6477, 1.1596, -4.928, 10.6947, -1.1591], [0.5525, -6.1555, -0.4878, -1.7642, -1.468, 10.49, 0.2313, 4.3824, 2.6603, 1.845], [0.6208, 10.0112, -0.8317, 3.5264, 1.9822, -7.9479, 1.4631, -8.2191, -3.7076, -8.0937], [1.0278, -0.9772, 7.1916, -0.5549, 6.4573, -4.6596, 5.9843, -7.051, -0.3025, -4.4135], [1.8531, -6.2805, 1.4775, 0.3594, 0.5544, -3.4723, 2.6039, -0.9269, 10.1848, -2.414], [-0.2636, 0.2379, 6.2224, -2.0851, 6.8187, -3.6111, 5.7333, -7.703, -0.3981, -3.7454], [-1.5961, -3.9877, -4.6536, -3.93, -3.5324, 2.9752, -1.8388, 3.2187, -0.3571, 9.9896], [-0.0931, 0.755, 7.7363, 0.3201, 8.3074, -6.0973, 2.295, -6.7576, 0.4624, -4.8478], [0.4998, -4.0921, -0.3667, -0.5517, -1.9965, 4.4148, -0.5579, 9.1907, 2.3113, 2.1687], [-2.4508, 16.143, -2.7671, 3.4748, -0.14, -9.0403, -4.0359, -7.3657, -5.7749, -5.1289], [1.5438, -1.6412, 1.3765, 6.2274, 1.746, -2.7792, 2.9072, -1.9777, -0.2608, -5.5446], [-1.4589, -4.9605, -3.6787, -3.4422, -3.5881, 2.7922, -2.2085, 5.1554, 0.4117, 10.9947], [1.6022, -3.1625, 3.3304, -0.3692, 3.494, -1.1259, 5.2934, -3.0344, -0.374, -3.0429], [-0.8306, -4.4249, -3.8219, -3.627, -3.9185, 2.6655, -2.0885, 3.3459, 0.4091, 9.5977], [0.9476, -2.6639, 7.029, 0.9208, 2.6316, -1.9999, 5.5613, -4.3469, -0.6483, -2.885], [1.0219, 0.9391, 5.2706, 2.1267, 5.0747, -5.9489, 2.6445, -6.0571, 0.1678, -4.1359], [1.3328, -4.9827, 8.2445, -1.0247, 4.3652, -0.5138, 4.0403, -4.4074, 3.7428, -2.9285], [2.7324, -3.2465, 4.7616, 2.3805, 4.1337, -7.0907, 7.533, -8.5243, 2.3686, -4.7907], [1.7914, -4.5452, 0.3593, 0.9894, -8.3562, 10.4025, 1.2294, -0.9899, -3.7165, 3.9187], [0.7043, 10.203, 0.4557, 2.1849, 2.3072, -4.2278, -1.4675, -7.6228, -3.2219, -7.6076], [7.4314, -3.0079, 1.5319, 2.6608, -1.2638, -5.4308, 8.8265, -7.2657, 1.8339, -6.5078], [-0.8794, 9.9282, -1.1543, 2.4525, -0.7674, -5.2909, -2.5656, -4.915, -3.2895, -3.7704], [-0.4123, -4.8065, -3.6932, -2.9647, -3.7296, 1.8866, -1.3928, 5.9916, 1.3339, 8.6431], [0.1633, 2.1094, 5.4357, 11.9055, 4.8986, -9.15, 1.1894, -4.9599, -2.6886, -9.1171], [0.9812, 0.8487, 7.6034, 0.425, 5.1458, -3.9754, 4.1025, -6.1105, -2.1395, -4.2591], [1.774, -2.9534, 4.1664, -0.5542, 3.192, -1.132, 5.0623, -3.5573, -0.2999, -3.3385], [-1.8674, 14.5046, -2.3581, 1.9579, -0.0761, -6.6541, -3.0275, -6.3447, -5.5268, -4.455], [0.1807, 0.012, 5.9197, 0.216, 5.145, -4.1767, 4.686, -5.9026, -1.0327, -3.2438], [-0.2391, -0.3155, 8.0776, 0.257, 6.7241, -5.0048, 4.3426, -7.1738, 0.0942, -3.7548], [-0.5946, -5.0078, -1.9134, -2.0591, -3.2259, 9.2908, -0.0265, 6.6214, 1.7425, 3.8609], [1.3161, -1.8533, 6.6578, 0.9701, 5.1744, -2.3447, 3.635, -4.2652, -0.887, -4.2771], [-0.6104, 13.093, -1.1009, 3.2431, 2.2535, -8.2937, -2.0218, -5.795, -4.5302, -6.6803], [7.6006, -4.0131, 4.1804, 4.4572, -0.2058, -5.9033, 6.3309, -6.3963, 1.6409, -6.6175], [1.2319, 0.3165, 5.3341, 3.6242, 5.4837, -7.8372, 4.0673, -7.2186, 1.1558, -6.2502], [-0.2278, -0.2676, 4.7196, -2.1524, 7.9273, -3.5603, 5.7158, -6.8402, -0.0481, -3.8374], [3.5285, 2.3374, 2.2344, 7.03, 2.5699, -9.2588, 1.1251, -4.0658, -0.6729, -7.4162], [1.2088, -1.5007, 5.1325, -0.6249, 3.819, -2.8035, 5.6157, -5.4115, -1.0016, -3.0424], [9.0899, -4.0992, 1.8681, 3.4093, 1.9076, -7.867, 8.5896, -8.0197, 1.3173, -7.8736], [-0.3696, -0.4158, 5.9836, -0.8828, 7.2527, -6.1231, 3.8215, -6.5572, 2.1033, -3.3031], [3.128, 2.417, 2.8219, 12.1276, 1.271, -9.7396, 2.0553, -4.5453, -3.2904, -7.9856], [10.3494, -4.3557, 2.9975, 3.4122, 0.6993, -6.6825, 8.8355, -8.3451, 0.8893, -7.9464], [-0.8844, 12.9636, -1.6209, 2.4963, 1.182, -7.1907, -2.9419, -7.7615, -5.2351, -5.1258], [2.4244, -0.9292, 4.9282, 1.5256, 1.3069, -1.6212, 5.7963, -7.2079, 1.0673, -6.1032], [1.5127, 0.1701, 8.3721, -0.1141, 3.128, -3.1139, 4.3793, -7.039, -1.0576, -3.099], [1.6109, 0.7375, 9.187, 2.9036, 6.6144, -5.5707, 4.0433, -8.0516, -2.3911, -5.908], [-0.151, 12.8384, 0.0443, 0.6907, 2.3365, -6.2507, -2.3419, -9.0064, -4.3017, -6.5235], [-0.2509, -7.0606, -5.9557, -3.2316, -6.6711, 4.3331, -2.534, 7.7519, 3.2688, 11.1972], [-0.627, -5.4428, -4.8412, -2.4678, -5.433, 0.4536, -2.3571, 3.5477, 2.6037, 9.7105], [-1.3741, -4.8474, -4.5698, -3.9428, -4.0944, 2.4674, -2.1397, 4.056, 0.4319, 10.7882], [-0.1739, -5.8437, -0.1158, -0.8841, -1.5397, 9.8953, 0.4367, 4.4461, 2.4467, 1.0353], [7.7205, -2.3365, 2.9719, 2.4228, -1.006, -4.8742, 6.2433, -5.7256, -0.9334, -5.5592], [1.4441, -5.4228, -2.1556, -3.0772, -2.6073, 5.519, -0.561, 6.7618, 1.4586, 5.2172], [4.6287, -0.9871, 0.8951, 6.4882, -2.1238, -4.3856, 4.3297, -3.4994, -0.5161, -5.2046], [-0.5072, -4.6701, -3.8188, -2.7698, -3.7204, 2.2065, -1.4626, 6.1916, 1.5161, 8.876], [1.8265, 1.623, 10.248, 0.1305, 4.4595, -4.2918, 4.7722, -9.3202, -2.6974, -4.7712], [0.6528, -0.962, 9.6091, 1.2073, 7.4717, -5.1109, 6.6553, -8.4638, -1.5527, -5.7653], [8.3998, -1.6612, 2.8506, 5.6688, -3.2, -5.2693, 6.7246, -6.488, -1.0375, -6.4094], [-0.7509, -5.5303, -2.9077, -2.3742, -2.5453, 5.8894, -1.5772, 6.2062, 1.5004, 8.1547], [1.0329, -2.6899, -0.4489, -0.7858, -1.6042, -4.447, 0.3847, -1.6055, 6.7943, 0.9069], [1.2756, -5.4878, -0.5033, 0.3577, -3.1816, 9.6435, 0.019, 2.5933, 1.675, 0.0772], [1.0814, -5.6061, 0.2075, -2.9705, -2.6479, 12.0966, -0.2513, 3.967, 2.8235, 1.6245], [0.5446, 1.0355, 5.3422, 2.2539, 8.107, -7.9459, 1.6971, -6.5027, 1.513, -6.2313], [1.1555, -1.2658, 6.1087, 0.8377, 6.0233, -5.7786, 6.6067, -7.5241, 0.6803, -5.3192], [-3.4365, -5.1139, -2.5281, -1.6844, -3.4064, 3.0848, -1.963, 0.4043, -0.387, 9.2445], [0.1076, -2.9824, 3.2099, -0.198, 4.1675, -0.4422, 4.3845, -2.7981, 1.6277, -3.1396], [5.3375, 1.0477, 3.0869, 4.8743, 1.5104, -9.1135, 4.9415, -7.0427, -2.5934, -6.0396], [0.0248, -4.2814, -0.5938, -0.4643, -1.1264, 6.0699, -0.1165, 5.8368, 2.5295, 1.2101], [0.6315, -5.5476, 1.6128, 1.6699, 1.6606, -3.6468, 1.4009, -0.0799, 8.6044, -3.0846], [2.089, -0.4766, 3.8143, 5.4231, 4.4903, -7.9775, 3.7687, -5.1975, -0.1636, -6.0228], [-0.8067, -4.4067, -3.4869, -1.8476, -3.4085, 2.941, -1.7226, 3.3976, 1.7963, 7.2836], [-1.1113, -6.3931, -3.3482, -3.7231, -2.7425, 12.8602, 0.6453, 2.1926, 3.2162, 1.8636], [-1.2257, -4.651, -2.0134, -2.8005, -2.9423, 8.6062, -0.5468, 0.8792, 1.5101, 3.4063], [4.5238, -5.1824, -0.2242, -1.5828, -4.3685, -5.0322, -0.1201, -3.4788, 11.7847, 1.605], [-0.2518, 0.9355, 5.5295, 1.7556, 6.4768, -4.8869, 3.6789, -6.617, -1.6437, -4.6869], [-2.3797, -1.2983, -1.5633, -1.3256, -3.5709, 4.6066, -0.5514, -1.4107, -0.3844, 4.0763], [-2.1661, 15.3808, -3.1454, 2.9329, -0.7589, -8.505, -4.2211, -6.9061, -4.2837, -4.9059], [-2.0024, 13.3631, -1.5336, 4.3282, 1.3019, -9.6834, -3.2165, -5.9269, -3.9029, -5.8554], [0.0302, -1.0851, 5.591, -1.2232, 6.3423, -3.4268, 4.7395, -4.971, -0.2006, -2.6993], [0.5225, -5.9488, -0.7985, -1.202, -2.461, 6.6878, -0.8025, 7.2402, 2.8012, 4.125], [-1.3858, 14.9839, -2.3308, 3.2782, 0.2596, -9.0417, -3.4641, -6.692, -5.5881, -4.8454], [0.5323, -1.1309, 1.1352, 4.3613, 0.6498, -1.874, 3.5419, -3.2623, -0.023, -4.9187], [-0.409, -4.8507, -2.8227, -2.3988, -3.6218, 7.8108, -0.9414, 4.6043, 1.8983, 5.7196], [0.3298, -7.9581, -5.6638, -1.5022, -7.4551, 4.5208, -1.9498, 4.5991, 4.0385, 9.3154], [-0.2718, -3.893, -0.9734, -0.805, -2.1226, 9.0826, -0.1046, 3.0739, 1.0583, 0.6854], [1.5389, 1.4615, 0.5635, 9.4854, -1.2398, -5.652, 1.1637, -3.5801, -1.5126, -5.4477], [8.7359, -0.9511, 3.5466, 3.8621, -1.8278, -5.1837, 4.672, -7.2779, -0.8765, -5.8492], [0.5029, 0.623, 6.5277, 0.8392, 6.3103, -4.79, 4.0616, -6.6253, -0.049, -5.1424], [3.0644, 0.1449, 1.6088, 9.098, -2.2142, -6.4793, 2.3245, -2.7829, -0.6937, -6.0643], [0.6119, -6.0126, -2.709, -4.0733, -3.2053, 10.6918, -0.8895, 1.1803, 4.3681, 3.2773], [2.5864, -3.3422, 0.1349, -0.7954, -0.173, -5.4727, 1.1953, -1.3737, 8.2429, -0.9216], [5.5456, 2.1446, 2.2703, 4.3051, -0.108, -3.7745, 9.5426, -11.2212, -1.6514, -9.7812], [-2.284, -3.4458, -3.1548, -1.5003, -4.3102, 1.1907, -2.3404, 1.7586, 1.0181, 8.5197], [1.6314, -1.3898, 3.9873, 0.7218, 3.8048, -4.4741, 6.0414, -6.0095, 1.441, -4.8392], [2.1579, 3.276, 1.3057, 4.5985, 3.0617, -7.3983, 1.2231, -3.9795, -1.9552, -5.3412], [4.6398, 0.278, 1.6285, 5.7132, 0.2063, -7.1623, 3.1018, -4.1828, -0.4001, -5.9194], [1.0164, -3.2341, -0.0169, -0.475, 0.1305, -2.8714, 1.2767, -4.4965, 5.9358, -0.3159], [4.1373, 3.2821, 3.2151, 10.7596, -0.084, -9.8158, 1.7104, -4.3378, -2.955, -7.6236]], "labels": [9, 4, 8, 8, 9, 9, 0, 6, 9, 7, 8, 8, 2, 8, 9, 3, 4, 2, 9, 1, 9, 0, 7, 7, 3, 4, 8, 8, 0, 9, 6, 7, 4, 5, 7, 1, 8, 5, 9, 0, 2, 6, 7, 1, 9, 5, 5, 8, 5, 6, 3, 9, 6, 6, 0, 0, 8, 2, 7, 7, 4, 6, 7, 8, 7, 4, 7, 3, 3, 5, 3, 2, 2, 1, 8, 4, 3, 1, 7, 2, 4, 4, 1, 8, 1, 7, 7, 6, 3, 6, 1, 0, 8, 5, 2, 5, 4, 0, 1, 0, 7, 7, 4, 7, 7, 6, 8, 0, 0, 3, 1, 1, 5, 8, 5, 7, 2, 9, 3, 0, 2, 4, 6, 1, 0, 3, 3, 3, 2, 2, 0, 0, 0, 7, 7, 2, 4, 6, 1, 8, 3, 3, 4, 8, 5, 1, 2, 8, 4, 9, 4, 7, 1, 3, 9, 6, 9, 6, 2, 4, 4, 5, 1, 6, 1, 9, 3, 2, 6, 1, 2, 2, 5, 2, 1, 0, 6, 4, 3, 6, 0, 4, 3, 0, 1, 6, 2, 2, 1, 9, 9, 9, 5, 0, 7, 0, 9, 2, 2, 6, 5, 8, 5, 5, 4, 6, 9, 2, 0, 7, 8, 6, 9, 5, 5, 8, 4, 5, 1, 1, 4, 5, 1, 3, 5, 9, 5, 3, 0, 4, 3, 5, 8, 6, 9, 6, 3, 0, 8, 3], "cols": 16}, "handoff": {"X": [[0.2439, -0.1817, 0.4369, 1.0359, 0.097, -1.8338, -0.2549, -0.3927, -0.4509, 1.1513, 0.22, 2.0708, -1.3127, 0.6655, -1.0002, 0.5143], [-0.4169, -0.8432, 0.3496, 1.3945, -0.5241, -1.0142, -0.6781, 0.2022, 0.9766, 0.4221, -0.3681, 1.1556, -0.775, -0.9384, 0.7104, 0.4765], [-1.0472, -0.8227, 1.0856, 1.4057, -0.2074, -0.9035, -0.4088, -0.7083, 0.2318, 0.2951, -0.3626, 0.3115, -0.1249, 0.375, 0.8084, -0.1113], [0.313, -1.7401, -0.6997, -1.3426, -1.4119, 0.9561, 0.96, -0.5493, 1.333, 0.901, -0.2068, 0.5445, 0.361, 0.0791, -0.3175, -0.6383], [0.8283, -1.4102, -1.1197, -0.8385, -0.0862, 0.1148, -0.1758, 0.0784, 2.3938, 1.0379, -0.1866, -1.9617, -0.0808, -0.4452, 0.1791, 0.1402], [-0.0196, -1.7631, -0.894, -1.1396, -1.2248, 1.637, 1.4067, -0.5587, 0.1792, 0.4351, 0.6913, 2.0938, -0.9553, 0.0755, -0.1391, 0.1516], [0.9394, 0.326, 1.1181, 0.4442, 0.2775, 1.138, -0.0616, 0.0394, -0.2357, -0.1717, 2.2144, -1.0302, -0.1547, 1.5495, -0.0867, -0.811], [2.0109, 1.1506, 1.0746, -0.4346, -1.0089, 0.535, 1.2031, 0.5271, -0.2274, -1.4939, -0.6436, -1.7872, -0.117, -0.7687, 0.2237, 1.0422], [1.1892, 0.3176, 1.3677, 0.4615, -0.8033, 0.4436, -0.0007, 0.0121, 0.4661, 0.1008, 1.4444, 0.7135, 0.1977, -0.1969, 0.4338, -0.4955], [0.1103, -1.5038, -1.2685, -0.2571, 0.2443, 0.7236, 0.6734, 0.8286, -0.3381, -1.7105, 0.1731, 1.2232, -0.6563, -1.1458, -0.0479, -0.1161], [-0.3782, -1.1881, -0.3521, 0.6383, 0.7278, 0.0604, 0.2351, -0.2205, 0.2059, -0.5556, -1.1079, 0.2457, -0.0396, 0.5954, 0.705, -0.1897], [0.1642, -0.7244, 0.4573, 0.9489, 0.036, -1.4744, -0.8895, 0.1166, 0.6601, 0.1521, -0.0164, -0.5775, 0.281, -0.6334, 0.6647, -0.7243], [1.4576, 0.1687, 0.4866, -0.4562, 0.8664, 1.2833, -1.9972, -0.3128, 0.2413, 2.1376, -0.7734, 0.9626, 0.174, -0.0411, 0.2566, 0.8228], [1.2159, 0.387, 0.9506, -0.7113, -0.5246, 0.9576, -2.5062, -0.0458, 0.7751, 1.5715, -1.4443, 1.8952, 1.2229, -1.2234, 0.2696, -0.8148], [1.4319, -0.0369, 0.1745, -0.2859, 1.8079, 1.204, -1.6993, -0.3975, -0.4558, 1.7974, 1.6425, 1.016, -0.8033, 1.1894, 0.5108, -0.6249], [-1.2623, 0.1438, 0.9665, -1.6806, 1.3089, -0.2379, 0.8902, 1.4276, -0.6089, -0.0255, -1.6527, 0.4373, 0.5336, -0.3205, -0.8721, 0.718], [-1.1319, 0.2934, 0.3576, 1.5515, -0.7013, 0.5126, -1.5144, -0.5626, 0.1799, 0.3928, -0.8711, -0.4561, -1.6541, -0.0727, 0.4333, -0.239], [-1.2118, 0.1256, -0.2345, 2.1217, -0.9764, -0.1176, 0.2996, -0.1716, -1.4606, 1.486, -0.2413, -0.9761, 1.4876, 1.2679, -2.3703, -0.2129], [1.7913, 0.9678, 1.1919, -0.4331, -0.4583, 0.7026, 0.2685, -0.2031, 0.0972, -0.5396, -1.342, -0.6586, 0.6051, -1.8317, 0.1692, 0.6475], [1.1678, 0.366, 0.8613, 0.0599, -0.1815, 0.8429, -0.2388, 0.7581, -1.0176, -1.2827, 2.6984, -2.4024, -0.7417, 1.1185, -1.1998, -1.0098], [1.0596, 1.1347, 0.0429, 0.3671, 0.0651, -1.4228, 2.3863, -0.4306, 0.6432, 0.4529, 0.9849, 2.0928, 0.5746, -0.3505, -1.9011, -0.6697], [-1.3095, 0.4979, 0.3151, -1.9316, 0.9387, -0.3933, 0.5784, 2.539, 0.1232, 0.7659, -0.7198, -0.2359, -0.8421, -0.7917, 0.0289, -1.3365], [-1.5016, 0.0099, 0.4858, -1.2232, 0.7031, -0.4265, 0.6664, 2.1123, -0.8195, 1.0324, -1.4565, -0.1666, -0.7282, -0.7105, 0.2771, -2.7879], [-1.2432, 0.6074, 0.5087, -1.9855, 0.9615, -0.6169, 0.9374, 2.03, -0.1915, 1.2309, -0.403, -0.4426, -0.9382, -0.7459, 0.3479, -1.4274], [-0.3281, -0.4663, -0.1285, 1.5449, 3.3636, -0.0663, -0.9654, -0.3898, 0.1524, -0.0123, -0.6112, 0.4194, -0.4843, -0.5195, -0.0926, 0.0466], [0.282, 0.7287, 0.2577, 1.3414, 3.8926, 1.8624, 0.1039, 0.2607, 1.3718, -1.2359, -0.6141, 1.0784, -1.8702, 0.8189, -0.8444, -0.6682], [0.0298, 0.8332, 0.2904, 1.2798, 2.4721, 1.3214, 1.748, 0.14, 1.3374, -0.0812, 0.8493, -0.644, 0.4802, -0.8469, 2.0304, -1.1647], [-0.4068, 1.097, -1.322, 2.9009, 0.2028, 0.6535, 0.6005, 1.2928, -0.4641, 1.3464, 0.9641, -0.3305, -0.5698, 0.1191, 0.1421, 1.5853], [0.5629, 1.529, -2.7814, 1.6747, -2.3013, 0.7503, 0.6164, 3.8842, -0.3543, 2.309, 0.702, 1.7427, 2.4051, 2.5601, 1.3175, -0.679], [-0.5253, 1.6834, -2.0115, -0.0197, -0.9671, 0.1661, -1.2946, -1.4482, 0.2507, -0.5677, -0.031, 0.3233, 0.5715, 0.8416, 0.079, -1.8743]], "G": [[1.0, 0.9781, 0.9839, 0.0996, 0.1917, 0.0899, 0.5191, 0.64, 0.6625, 0.4135, 0.5857, 0.8906, 0.468, 0.4695, 0.5165, 0.3329, 0.2618, 0.1086, 0.5941, 0.7631, 0.856, 0.1023, 0.118, 0.1552, 0.5524, 0.3398, 0.3905, 0.2433, 0.0749, 0.0989], [0.9781, 1.0, 0.9768, 0.1548, 0.2455, 0.1448, 0.516, 0.6104, 0.643, 0.4331, 0.5898, 0.8553, 0.4958, 0.4987, 0.5439, 0.3611, 0.3082, 0.1419, 0.5643, 0.6554, 0.847, 0.1281, 0.1468, 0.1835, 0.5128, 0.2881, 0.3456, 0.2871, 0.1238, 0.1477], [0.9839, 0.9768, 1.0, 0.1857, 0.2846, 0.1763, 0.5764, 0.6847, 0.7057, 0.5234, 0.6837, 0.9279, 0.5438, 0.5517, 0.5904, 0.4132, 0.3486, 0.177, 0.6397, 0.7626, 0.8994, 0.1472, 0.1701, 0.2045, 0.5762, 0.3464, 0.3976, 0.3055, 0.1225, 0.1486], [0.0996, 0.1548, 0.1857, 1.0, 0.9904, 0.9999, 0.1433, 0.1037, 0.1474, 0.2876, 0.4411, 0.1584, 0.1622, 0.1981, 0.1672, 0.0426, 0.109, 0.0119, 0.1372, 0.0672, 0.1872, 0.0125, 0.0142, 0.0191, 0.048, 0.0245, 0.0341, 0.0501, 0.0331, 0.0205], [0.1917, 0.2455, 0.2846, 0.9904, 1.0, 0.9894, 0.2513, 0.2085, 0.2612, 0.3868, 0.543, 0.273, 0.2681, 0.297, 0.2751, 0.0859, 0.1404, 0.022, 0.2466, 0.1533, 0.2847, 0.0272, 0.0307, 0.0395, 0.1148, 0.0616, 0.0746, 0.0821, 0.0475, 0.0372], [0.0899, 0.1448, 0.1763, 0.9999, 0.9894, 1.0, 0.1374, 0.0972, 0.1404, 0.2844, 0.4363, 0.1504, 0.1567, 0.1929, 0.1613, 0.0395, 0.1066, 0.011, 0.1309, 0.0607, 0.1793, 0.0115, 0.013, 0.0176, 0.0433, 0.0219, 0.031, 0.048, 0.0326, 0.0198], [0.5191, 0.516, 0.5764, 0.1433, 0.2513, 0.1374, 1.0, 0.9653, 0.9809, 0.3471, 0.438, 0.5627, 0.9762, 0.9579, 0.9703, 0.2751, 0.249, 0.0801, 0.9866, 0.6881, 0.7109, 0.0833, 0.0965, 0.1204, 0.4186, 0.3038, 0.3395, 0.1922, 0.0716, 0.085], [0.64, 0.6104, 0.6847, 0.1037, 0.2085, 0.0972, 0.9653, 1.0, 0.9802, 0.3243, 0.4384, 0.6558, 0.9296, 0.9354, 0.9323, 0.2785, 0.2469, 0.0729, 0.9807, 0.8268, 0.8018, 0.0807, 0.0937, 0.122, 0.4525, 0.3216, 0.3672, 0.2082, 0.0818, 0.0968], [0.6625, 0.643, 0.7057, 0.1474, 0.2612, 0.1404, 0.9809, 0.9802, 1.0, 0.3841, 0.509, 0.6862, 0.9356, 0.9188, 0.9386, 0.2961, 0.2612, 0.0806, 0.9937, 0.794, 0.7883, 0.0905, 0.104, 0.1329, 0.4673, 0.3252, 0.3643, 0.2179, 0.0832, 0.0993], [0.4135, 0.4331, 0.5234, 0.2876, 0.3868, 0.2844, 0.3471, 0.3243, 0.3841, 1.0, 0.9521, 0.7449, 0.4102, 0.3918, 0.4375, 0.2526, 0.1635, 0.0523, 0.3468, 0.2649, 0.5006, 0.0894, 0.0996, 0.1157, 0.403, 0.1918, 0.1996, 0.163, 0.0725, 0.0751], [0.5857, 0.5898, 0.6837, 0.4411, 0.543, 0.4363, 0.438, 0.4384, 0.509, 0.9521, 1.0, 0.8479, 0.4564, 0.4406, 0.4887, 0.3214, 0.2427, 0.0911, 0.4676, 0.4475, 0.6334, 0.1271, 0.1407, 0.1633, 0.4837, 0.2664, 0.2796, 0.2352, 0.1096, 0.1182], [0.8906, 0.8553, 0.9279, 0.1584, 0.273, 0.1504, 0.5627, 0.6558, 0.6862, 0.7449, 0.8479, 1.0, 0.5332, 0.5318, 0.5724, 0.3206, 0.2366, 0.0856, 0.6293, 0.7651, 0.8187, 0.0965, 0.1116, 0.142, 0.5215, 0.271, 0.3075, 0.2154, 0.0701, 0.0864], [0.468, 0.4958, 0.5438, 0.1622, 0.2681, 0.1567, 0.9762, 0.9296, 0.9356, 0.4102, 0.4564, 0.5332, 1.0, 0.9899, 0.9969, 0.2556, 0.2222, 0.0554, 0.9362, 0.5741, 0.7084, 0.0765, 0.0873, 0.1114, 0.4135, 0.2924, 0.3348, 0.1713, 0.0596, 0.0696], [0.4695, 0.4987, 0.5517, 0.1981, 0.297, 0.1929, 0.9579, 0.9354, 0.9188, 0.3918, 0.4406, 0.5318, 0.9899, 1.0, 0.9863, 0.2469, 0.2281, 0.0621, 0.9187, 0.5972, 0.7182, 0.0719, 0.0838, 0.1063, 0.3725, 0.2473, 0.296, 0.1684, 0.0667, 0.075], [0.5165, 0.5439, 0.5904, 0.1672, 0.2751, 0.1613, 0.9703, 0.9323, 0.9386, 0.4375, 0.4887, 0.5724, 0.9969, 0.9863, 1.0, 0.2755, 0.2306, 0.0579, 0.9352, 0.5863, 0.7551, 0.0804, 0.0915, 0.1187, 0.4715, 0.3441, 0.3884, 0.1866, 0.0614, 0.073], [0.3329, 0.3611, 0.4132, 0.0426, 0.0859, 0.0395, 0.2751, 0.2785, 0.2961, 0.2526, 0.3214, 0.3206, 0.2556, 0.2469, 0.2755, 1.0, 0.9176, 0.82, 0.29, 0.2398, 0.4544, 0.6293, 0.7076, 0.685, 0.5443, 0.4429, 0.4366, 0.59, 0.2496, 0.3285], [0.2618, 0.3082, 0.3486, 0.109, 0.1404, 0.1066, 0.249, 0.2469, 0.2612, 0.1635, 0.2427, 0.2366, 0.2222, 0.2281, 0.2306, 0.9176, 1.0, 0.9309, 0.2563, 0.2105, 0.3688, 0.3706, 0.4679, 0.4401, 0.3641, 0.2693, 0.2579, 0.6638, 0.4261, 0.4802], [0.1086, 0.1419, 0.177, 0.0119, 0.022, 0.011, 0.0801, 0.0729, 0.0806, 0.0523, 0.0911, 0.0856, 0.0554, 0.0621, 0.0579, 0.82, 0.9309, 1.0, 0.0784, 0.0704, 0.1447, 0.1814, 0.2914, 0.2361, 0.2286, 0.159, 0.1249, 0.3947, 0.1807, 0.2256], [0.5941, 0.5643, 0.6397, 0.1372, 0.2466, 0.1309, 0.9866, 0.9807, 0.9937, 0.3468, 0.4676, 0.6293, 0.9362, 0.9187, 0.9352, 0.29, 0.2563, 0.0784, 1.0, 0.7859, 0.7573, 0.0895, 0.1023, 0.1302, 0.4694, 0.3517, 0.3859, 0.2212, 0.0897, 0.1054], [0.7631, 0.6554, 0.7626, 0.0672, 0.1533, 0.0607, 0.6881, 0.8268, 0.794, 0.2649, 0.4475, 0.7651, 0.5741, 0.5972, 0.5863, 0.2398, 0.2105, 0.0704, 0.7859, 1.0, 0.7354, 0.0684, 0.0811, 0.1064, 0.3853, 0.2407, 0.2752, 0.1847, 0.0693, 0.0859], [0.856, 0.847, 0.8994, 0.1872, 0.2847, 0.1793, 0.7109, 0.8018, 0.7883, 0.5006, 0.6334, 0.8187, 0.7084, 0.7182, 0.7551, 0.4544, 0.3688, 0.1447, 0.7573, 0.7354, 1.0, 0.1782, 0.1957, 0.2439, 0.7684, 0.6054, 0.6597, 0.4369, 0.2378, 0.2643], [0.1023, 0.1281, 0.1472, 0.0125, 0.0272, 0.0115, 0.0833, 0.0807, 0.0905, 0.0894, 0.1271, 0.0965, 0.0765, 0.0719, 0.0804, 0.6293, 0.3706, 0.1814, 0.0895, 0.0684, 0.1782, 1.0, 0.9935, 0.9953, 0.2197, 0.1772, 0.1988, 0.3998, 0.1281, 0.2141], [0.118, 0.1468, 0.1701, 0.0142, 0.0